0 1 26 0 0 0 751 35 0 4 0 0 0 1298 0 0 59 0 6 0 15 0 82 0 0 18 4 6 1028 310 0 0 2 7 0 0 0 0 0 0 0 0 0 0 0 0 0 0 0 0 0 0 0 0 0 1 0 0 0 0 0 0 0 0 0 0 0 0
1 0 1 0 0 0 0 2 34 0 1 1 158 2 1 4 2 0 0 0 1 276 1 162 380 10 1652 3 1 0 2 0 0 3 0 154 0 0 0 0 0 0 1 0 0 0 7 0 0 2 2 0 0 0 0 23 5 0 0 14 205 0 0 1 1 0 0 0
26 1 0 0 0 6 181 211 0 14 0 1 0 246 0 0 383 0 39 0 73 0 1997 1 0 2094 2956 31 1 81 0 0 0 11 0 9 112 0 0 0 0 0 0 0 0 0 0 0 0 1 11 0 2 0 0 9 25 0 0 42 356 1 0 0 0 0 0 3
0 0 0 0 2 28 3 18 124 442 0 1063 5 10 21 0 0 0 0 3126 0 0 0 521 0 0 0 1513 28 0 0 0 0 25 0 0 0 69 0 0 0 0 57 1 0 20 0 0 0 0 0 0 0 14 0 1 0 107 0 0 0 5 0 0 0 0 0 0
0 0 0 2 0 267 1 1 31 2 7 40 157 2 1016 0 0 0 0 3 0 0 0 15 0 0 0 5 0 0 0 89 0 184 0 0 0 0 1 0 0 0 2 0 0 0 0 0 0 0 0 0 0 0 0 0 0 0 0 0 0 0 0 0 0 0 0 0
0 0 6 28 267 0 429 2973 67 1577 24 3832 77 35 910 0 0 2 0 41 0 0 3 15 0 7 0 418 37 0 0 84 0 182 0 0 0 1 0 0 0 0 5 2 0 4 0 0 0 0 0 0 0 0 0 0 0 13 0 0 0 11 0 0 0 0 0 6
751 0 181 3 1 429 0 349 0 2077 2 10 7 1387 20 0 1 0 1 3 16 1 156 8 0 13 36 5139 120 2078 0 0 12 58 0 0 0 0 0 0 0 0 4 0 0 0 0 0 0 0 0 0 0 0 0 1 0 1 0 0 0 0 0 0 0 0 0 0
35 2 211 18 1 2973 349 0 10 499 5 224 22 2505 61 0 67 3 2 21 10 2 142 12 0 47 3 49 36 40 1 287 0 39 0 0 0 0 0 1 0 0 2 0 0 0 0 0 0 0 0 0 0 0 0 0 0 7 0 0 0 1 0 0 0 0 0 0
0 34 0 124 31 67 0 10 0 45 10 256 57 3 270 0 0 0 1 144 0 465 0 1500 43 4 167 65 15 1 0 10 1 33 2 0 0 14 1 0 0 1 155 33 0 2 1 2 2 0 0 0 0 9 0 4 1 61 1 0 0 27 6 3 0 0 1 6
4 0 14 442 2 1577 2077 499 45 0 1 859 29 402 38 0 0 0 0 397 1 0 4 46 0 0 1 1469 177 1 0 1 0 170 0 0 0 0 0 1 0 0 66 0 0 40 0 0 1 0 0 0 0 1 0 0 0 130 0 0 0 0 0 0 0 0 0 0
0 1 0 0 7 24 2 5 10 1 0 9 622 24 14 0 32 1552 1039 2 0 2 0 1 32 963 14 0 357 2 45 220 1 777 0 0 0 0 0 0 0 0 0 0 19 0 95 0 0 0 0 0 0 0 0 0 0 0 3 4 25 0 0 0 5 0 0 0
0 1 1 1063 40 3832 10 224 256 859 9 0 35 91 649 0 0 0 2 1209 0 0 0 619 3 0 1 132 113 0 0 8 0 138 0 0 0 31 0 78 0 0 37 75 0 457 1 0 7 0 0 0 0 11 0 0 0 29 0 0 0 23 1 0 0 0 0 0
0 158 0 5 157 77 7 22 57 29 622 35 0 31 107 0 0 12 9 4 0 97 3 35 1065 63 606 15 58 0 452 268 0 576 0 22 0 1 1 0 0 1 3 2 66 5 718 1 7 0 0 0 0 0 0 4 0 1 170 28 267 1 0 0 56 0 0 42
1298 2 246 10 2 35 1387 2505 3 402 24 91 31 0 33 0 168 3 7 13 54 2 356 18 0 58 11 57 1497 477 0 89 0 33 0 2 0 0 0 0 0 0 3 0 0 0 0 0 0 0 0 0 0 1 0 0 0 5 0 0 0 1 0 0 0 0 0 0
0 1 0 21 1016 910 20 61 270 38 14 649 107 33 0 0 1 3 6 19 20 18 33 162 0 5 7 47 37 6 2 13 0 273 0 0 0 3 1 12 0 0 5 2 0 2 1 0 3 0 0 0 0 2 0 0 0 34 2 0 0 16 3 0 0 0 0 2
0 4 0 0 0 0 0 0 0 0 0 0 0 0 0 0 0 0 0 0 391 1375 941 579 0 0 778 101 0 0 0 0 0 0 0 1 0 0 0 0 0 0 0 0 0 0 0 0 1 331 0 0 0 0 31 25 144 18 0 0 17 14 0 5 0 0 2 2
59 2 383 0 0 0 1 67 0 0 32 0 0 168 1 0 0 16 1838 0 8 1 736 1 0 767 265 1 118 38 0 0 9 1444 0 5 22 0 0 0 0 0 0 0 0 0 0 0 0 1 2 0 1 0 0 1 7 0 0 8 71 0 0 0 0 0 0 0
0 0 0 0 0 2 0 3 0 0 1552 0 12 3 3 0 16 0 405 0 0 0 0 0 0 651 1 0 41 0 1 0 3 45 0 0 0 0 0 0 0 0 0 0 1 0 6 0 0 0 0 0 0 0 0 0 0 0 0 3 3 0 0 0 1 0 0 0
6 0 39 0 0 0 1 2 1 0 1039 2 9 7 6 0 1838 405 0 1 0 0 7 1 0 877 47 1 50 0 0 1 6 887 0 2 0 0 0 0 0 0 0 0 0 0 2 0 0 0 1 0 0 0 0 0 0 0 0 11 11 0 0 0 0 0 0 1
0 0 0 3126 3 41 3 21 144 397 2 1209 4 13 19 0 0 0 1 0 0 1 0 252 0 0 1 119 17 0 0 0 0 21 0 0 0 14 0 9 0 0 62 2 0 19 0 0 2 0 0 0 0 27 0 0 0 147 0 0 0 19 0 0 0 0 0 1
15 1 73 0 0 0 16 10 0 1 0 0 0 54 20 391 8 0 0 0 0 78 5715 3 0 3 37 2161 77 2758 0 0 7 979 0 1 0 0 0 0 0 0 0 0 0 0 0 0 0 71 0 0 0 0 46 61 3 122 0 0 0 33 11 34 0 0 1 38
0 276 0 0 0 0 1 2 465 0 2 0 97 2 18 1375 1 0 0 1 78 0 19 1159 114 1 291 57 0 1 0 0 0 1 0 6 1 0 0 0 0 1 32 0 0 1 4 1 1 129 0 0 0 1 15 200 25 92 1 1 11 43 7 4 0 0 2 1
82 1 1997 0 0 3 156 142 0 4 0 0 3 356 33 941 736 0 7 0 5715 19 0 26 0 59 3147 300 185 431 0 1 8 1837 0 4 13 0 0 0 0 0 1 0 0 0 0 0 0 381 0 0 0 0 41 26 129 21 0 2 140 6 0 6 0 0 0 8
0 162 1 521 15 15 8 12 1500 46 1 619 35 18 162 579 1 0 1 252 3 1159 26 0 68 2 477 2075 21 2 0 1 1 34 3 2 0 70 0 10 1 0 61 33 0 8 0 2 4 24 0 0 0 16 1 50 0 242 1 0 5 64 32 9 0 0 1 27
0 380 0 0 0 0 0 0 43 0 32 3 1065 0 0 0 0 0 0 0 0 114 0 68 0 5 816 1 0 0 7 1 0 4 0 51 0 0 0 0 0 0 0 0 29 0 168 0 0 0 0 0 1 0 0 8 0 0 205 16 85 0 1 0 5 1 0 0
18 10 2094 0 0 7 13 47 4 0 963 0 63 58 5 0 767 651 877 0 3 1 59 2 5 0 3291 4 59 6 304 4 1 65 0 19 6 0 0 0 0 0 0 0 6 0 122 0 0 0 9 1 20 0 0 3 0 0 5 300 408 0 0 0 39 0 0 2
4 1652 2956 0 0 0 36 3 167 1 14 1 606 11 7 778 265 1 47 1 37 291 3147 477 816 3291 0 401 18 2 123 0 2 480 0 208 134 0 0 0 1 0 7 0 3 0 87 0 0 568 14 2 14 0 1 125 567 5 54 257 2443 5 0 1 32 0 0 9
6 3 31 1513 5 418 5139 49 65 1469 0 132 15 57 47 101 1 0 1 119 2161 57 300 2075 1 4 401 0 124 858 0 0 16 111 3 3 0 2 0 10 0 0 38 0 0 9 0 1 2 10 0 0 0 0 2 35 2 220 0 0 1 60 38 11 0 0 3 51
1028 1 1 28 0 37 120 36 15 177 357 113 58 1497 37 0 118 41 50 17 77 0 185 21 0 59 18 124 0 1623 3 37 1195 984 1 0 0 0 0 1 0 0 2 0 0 0 1 0 0 0 0 0 0 0 0 1 0 9 1 0 0 9 7 3 0 0 0 5
310 0 81 0 0 0 2078 40 1 1 2 0 0 477 6 0 38 0 0 0 2758 1 431 2 0 6 2 858 1623 0 0 0 329 647 0 0 0 0 0 0 1 0 0 0 0 0 0 0 0 0 0 0 0 0 0 0 1 10 0 0 0 10 7 2 0 0 0 9
0 2 0 0 0 0 0 1 0 0 45 0 452 0 2 0 0 1 0 0 0 0 0 0 7 304 123 0 3 0 0 0 0 4 0 3 0 0 0 0 0 0 0 0 8 0 124 0 0 0 0 0 0 0 0 0 0 0 4 17 73 0 0 0 28 0 0 0
0 0 0 0 89 84 0 287 10 1 220 8 268 89 13 0 0 0 1 0 0 0 1 1 1 4 0 0 37 0 0 0 0 252 0 0 0 0 0 0 0 0 0 0 0 0 0 0 0 0 0 0 0 0 0 0 0 0 0 0 0 0 0 0 0 0 0 1
2 0 0 0 0 0 12 0 1 0 1 0 0 0 0 0 9 3 6 0 7 0 8 1 0 1 2 16 1195 329 0 0 0 448 1 0 0 0 0 0 0 0 0 0 0 0 0 0 0 0 0 0 0 0 0 0 0 3 1 0 0 1 1 0 0 0 0 1
7 3 11 25 184 182 58 39 33 170 777 138 576 33 273 0 1444 45 887 21 979 1 1837 34 4 65 480 111 984 647 4 252 448 0 1 8 7 1 0 3 0 0 5 0 0 2 8 0 1 0 1 0 0 0 2 4 6 20 0 9 48 17 10 6 0 0 0 4
0 0 0 0 0 0 0 0 2 0 0 0 0 0 0 0 0 0 0 0 0 0 0 3 0 0 0 3 1 0 0 0 1 1 0 0 2 1 0 5 286 55 2 5 1 1 0 1062 0 0 7 1 2 1 0 2 1 6 0 4 1 31 987 526 0 0 3 28
0 154 9 0 0 0 0 0 0 0 0 0 22 2 0 1 5 0 2 0 1 6 4 2 51 19 208 3 0 0 3 0 0 8 0 0 0 0 0 1 0 3 34 0 0 0 54 2 8 1 0 0 1 0 0 413 1 65 538 7 1604 1 0 0 0 0 0 2
0 0 112 0 0 0 0 0 0 0 0 0 0 0 0 0 22 0 0 0 0 1 13 0 0 6 134 0 0 0 0 0 0 7 2 0 0 0 0 13 300 109 0 6 0 2 0 58 0 1 249 0 8 0 44 0 2460 7 0 675 2724 207 0 12 0 0 0 7
0 0 0 69 0 1 0 0 14 0 0 31 1 0 3 0 0 0 0 14 0 0 0 70 0 0 0 2 0 0 0 0 0 1 1 0 0 0 10 26 0 12 228 763 0 1447 0 19 16 0 0 0 0 2462 0 1 0 528 0 0 1 1527 17 1 0 0 0 27
0 0 0 0 1 0 0 0 1 0 0 0 1 0 1 0 0 0 0 0 0 0 0 0 0 0 0 0 0 0 0 0 0 0 0 0 0 10 0 224 0 29 81 2 0 34 6 1 992 0 0 0 0 2 0 4 0 26 0 0 0 4 0 0 0 250 0 69
0 0 0 0 0 0 0 1 0 1 0 78 0 0 12 0 0 0 0 9 0 0 0 10 0 0 0 10 1 0 0 0 0 3 5 1 13 26 224 0 222 3001 57 3074 2 2701 0 42 298 1 0 0 0 22 3 2 5 28 0 1 1 472 38 4 0 36 1 23
0 0 0 0 0 0 0 0 0 0 0 0 0 0 0 0 0 0 0 0 0 0 0 1 0 0 1 0 0 1 0 0 0 0 286 0 300 0 0 222 0 706 6 1501 1 14 0 2125 0 2 202 0 21 0 139 1 310 43 0 144 34 4700 47 2526 0 0 0 42
0 0 0 0 0 0 0 0 1 0 0 0 1 0 0 0 0 0 0 0 0 1 0 0 0 0 0 0 0 0 0 0 0 0 55 3 109 12 29 3001 706 0 25 1277 16 160 14 3297 76 0 9 3 0 5 23 2 16 5 0 19 3 67 74 42 1 176 0 45
0 1 0 57 2 5 4 2 155 66 0 37 3 3 5 0 0 0 0 62 0 32 1 61 0 0 7 38 2 0 0 0 0 5 2 34 0 228 81 57 6 25 0 114 7 784 11 18 352 1 1 2 1 163 0 314 0 1578 44 5 185 154 26 4 0 7 3 28
0 0 0 1 0 2 0 0 33 0 0 75 2 0 2 0 0 0 0 2 0 0 0 33 0 0 0 0 0 0 0 0 0 0 5 0 6 763 2 3074 1501 1277 114 0 0 1683 2 247 19 0 0 0 0 839 4 0 2 61 0 0 0 2318 257 4 0 0 1 304
0 0 0 0 0 0 0 0 0 0 19 0 66 0 0 0 0 1 0 0 0 0 0 0 29 6 3 0 0 0 8 0 0 0 1 0 0 0 0 2 1 16 7 0 0 18 863 64 6 0 16 1385 76 0 1 0 6 3 31 896 2 4 478 9 82 50 0 1180
0 0 0 20 0 4 0 0 2 40 0 457 5 0 2 0 0 0 0 19 0 1 0 8 0 0 0 9 0 0 0 0 0 2 1 0 2 1447 34 2701 14 160 784 1683 18 0 5 152 545 0 0 1 0 2393 1 2 0 261 0 1 1 203 96 0 0 1 0 152
0 7 0 0 0 0 0 0 1 0 95 1 718 0 1 0 0 6 2 0 0 4 0 0 168 122 87 0 1 0 124 0 0 8 0 54 0 0 6 0 0 14 11 2 863 5 0 13 10 0 0 0 0 2 0 52 0 3 942 15 1112 0 194 0 327 177 0 572
0 0 0 0 0 0 0 0 2 0 0 0 1 0 0 0 0 0 0 0 0 1 0 2 0 0 0 1 0 0 0 0 0 0 1062 2 58 19 1 42 2125 3297 18 247 64 152 13 0 11 0 14 3 3 16 6 0 15 16 1 35 5 52 1971 264 4 4 0 95
0 0 0 0 0 0 0 0 2 1 0 7 7 0 3 1 0 0 0 2 0 1 0 4 0 0 0 2 0 0 0 0 0 1 0 8 0 16 992 298 0 76 352 19 6 545 10 11 0 2 0 0 0 7 5 10 1 109 1 0 10 39 12 2 0 19 0 18
0 2 1 0 0 0 0 0 0 0 0 0 0 0 0 331 1 0 0 0 71 129 381 24 0 0 568 10 0 0 0 0 0 0 0 1 1 0 0 1 2 0 1 0 0 0 0 0 2 0 1 0 0 0 666 1265 562 1208 0 1 1286 352 1 1 0 0 0 2
0 2 11 0 0 0 0 0 0 0 0 0 0 0 0 0 2 0 1 0 0 0 0 0 0 9 14 0 0 0 0 0 0 1 7 0 249 0 0 0 202 9 1 0 16 0 0 14 0 1 0 9 836 0 58 2 1941 0 0 281 478 23 3 252 0 0 0 910
0 0 0 0 0 0 0 0 0 0 0 0 0 0 0 0 0 0 0 0 0 0 0 0 0 1 2 0 0 0 0 0 0 0 1 0 0 0 0 0 0 3 2 0 1385 1 0 3 0 0 9 0 484 0 3 0 3 0 0 336 2 0 12 10 0 0 0 204
0 0 2 0 0 0 0 0 0 0 0 0 0 0 0 0 1 0 0 0 0 0 0 0 1 20 14 0 0 0 0 0 0 0 2 1 8 0 0 0 21 0 1 0 76 0 0 3 0 0 836 484 0 0 16 2 37 3 0 1110 59 4 7 98 0 0 0 649
0 0 0 14 0 0 0 0 9 1 0 11 0 1 2 0 0 0 0 27 0 1 0 16 0 0 0 0 0 0 0 0 0 0 1 0 0 2462 2 22 0 5 163 839 0 2393 2 16 7 0 0 0 0 0 0 1 0 85 0 0 0 301 13 0 0 0 0 26
0 0 0 0 0 0 0 0 0 0 0 0 0 0 0 31 0 0 0 0 46 15 41 1 0 0 1 2 0 0 0 0 0 2 0 0 44 0 0 3 139 23 0 4 1 1 0 6 5 666 58 3 16 0 0 5 5830 37 0 8 54 1970 3 2278 0 0 0 791
1 23 9 1 0 0 1 0 4 0 0 0 4 0 0 25 1 0 0 0 61 200 26 50 8 3 125 35 1 0 0 0 0 4 2 413 0 1 4 2 1 2 314 0 0 2 52 0 10 1265 2 0 2 1 5 0 3 1631 138 4 956 52 9 18 0 1 0 12
0 5 25 0 0 0 0 0 1 0 0 0 0 0 0 144 7 0 0 0 3 25 129 0 0 0 567 2 0 1 0 0 0 6 1 1 2460 0 0 5 310 16 0 2 6 0 0 15 1 562 1941 3 37 0 5830 3 0 41 0 262 1652 362 5 202 0 0 0 791
0 0 0 107 0 13 1 7 61 130 0 29 1 5 34 18 0 0 0 147 122 92 21 242 0 0 5 220 9 10 0 0 3 20 6 65 7 528 26 28 43 5 1578 61 3 261 3 16 109 1208 0 0 3 85 37 1631 41 0 15 1 436 1844 58 11 0 1 10 61
0 0 0 0 0 0 0 0 1 0 3 0 170 0 2 0 0 0 0 0 0 1 0 1 205 5 54 0 1 0 4 0 1 0 0 538 0 0 0 0 0 0 44 0 31 0 942 1 1 0 0 0 0 0 0 138 0 15 0 3 1121 0 7 0 3 6 0 30
0 14 42 0 0 0 0 0 0 0 4 0 28 0 0 0 8 3 11 0 0 1 2 0 16 300 257 0 0 0 17 0 0 9 4 7 675 0 0 1 144 19 5 0 896 1 15 35 0 1 281 336 1110 0 8 4 262 1 3 0 2618 25 19 28 312 0 0 48
0 205 356 0 0 0 0 0 0 0 25 0 267 0 0 17 71 3 11 0 0 11 140 5 85 408 2443 1 0 0 73 0 0 48 1 1604 2724 1 0 1 34 3 185 0 2 1 1112 5 10 1286 478 2 59 0 54 956 1652 436 1121 2618 0 251 3 8 88 0 1 214
0 0 1 5 0 11 0 1 27 0 0 23 1 1 16 14 0 0 0 19 33 43 6 64 0 0 5 60 9 10 0 0 1 17 31 1 207 1527 4 472 4700 67 154 2318 4 203 0 52 39 352 23 0 4 301 1970 52 362 1844 0 25 251 0 257 729 0 0 38 200
0 0 0 0 0 0 0 0 6 0 0 1 0 0 3 0 0 0 0 0 11 7 0 32 1 0 0 38 7 7 0 0 1 10 987 0 0 17 0 38 47 74 26 257 478 96 194 1971 12 1 3 12 7 13 3 9 5 58 7 19 3 257 0 917 5 132 555 1239
0 1 0 0 0 0 0 0 3 0 0 0 0 0 0 5 0 0 0 0 34 4 6 9 0 0 1 11 3 2 0 0 0 6 526 0 12 1 0 4 2526 42 4 4 9 0 0 264 2 1 252 10 98 0 2278 18 202 11 0 28 8 729 917 0 0 0 206 1603
0 1 0 0 0 0 0 0 0 0 5 0 56 0 0 0 0 1 0 0 0 0 0 0 5 39 32 0 0 0 28 0 0 0 0 0 0 0 0 0 0 1 0 0 82 0 327 4 0 0 0 0 0 0 0 0 0 0 3 312 88 0 5 0 0 0 0 11
0 0 0 0 0 0 0 0 0 0 0 0 0 0 0 0 0 0 0 0 0 0 0 0 1 0 0 0 0 0 0 0 0 0 0 0 0 0 250 36 0 176 7 0 50 1 177 4 19 0 0 0 0 0 0 1 0 1 6 0 0 0 132 0 0 0 0 408
0 0 0 0 0 0 0 0 1 0 0 0 0 0 0 2 0 0 0 0 1 2 0 1 0 0 0 3 0 0 0 0 0 0 3 0 0 0 0 1 0 0 3 1 0 0 0 0 0 0 0 0 0 0 0 0 0 10 0 0 1 38 555 206 0 0 0 332
0 0 3 0 0 6 0 0 6 0 0 0 42 0 2 2 0 0 1 1 38 1 8 27 0 2 9 51 5 9 0 1 1 4 28 2 7 27 69 23 42 45 28 304 1180 152 572 95 18 2 910 204 649 26 791 12 791 61 30 48 214 200 1239 1603 11 408 332 0
