0 0 30 0 0 1 509 47 0 7 2 2 1 1412 0 0 36 0 2 2 1 0 6 1 0 15 4 1 696 470 0 0 1 2 0 0 0 0 0 0 0 0 0 0 0 0 0 0 0 0 0 0 0 0 0 0 0 1 0 0 0 0 0 0 0 0 0 1
0 0 1 0 0 1 0 0 34 0 0 1 134 0 0 0 0 0 0 0 0 628 0 80 449 6 1837 0 0 1 0 0 0 2 0 371 20 0 0 1 3 0 0 0 3 0 54 0 0 1 8 0 1 0 0 33 10 0 13 21 547 1 0 1 3 0 0 6
30 1 0 0 0 7 82 185 0 0 0 0 0 250 0 0 2084 0 32 0 91 1 2206 0 0 1546 4673 28 37 347 0 0 1 75 0 3 51 0 0 0 0 0 0 0 2 0 0 0 0 2 18 0 0 0 0 4 21 0 0 49 234 0 0 1 0 0 0 9
0 0 0 0 15 29 5 3 64 815 0 813 4 19 16 0 0 0 0 2474 0 1 0 585 0 0 0 1812 27 0 0 1 0 18 0 0 0 87 1 15 1 0 13 2 1 68 0 0 35 0 0 0 0 90 0 0 0 196 0 0 0 28 0 0 0 0 0 0
0 0 0 15 0 388 7 15 62 8 22 151 37 1 1027 3 0 0 0 14 6 4 5 108 1 0 3 30 1 0 0 191 0 175 0 0 0 0 3 1 0 4 1 9 0 10 1 0 7 1 0 0 0 0 0 0 2 1 0 0 0 1 0 1 0 0 0 0
1 1 7 29 388 0 254 2498 86 2616 9 3686 35 94 782 0 3 0 2 173 2 0 5 46 0 3 3 388 39 0 0 38 0 20 0 0 0 3 1 59 7 4 7 9 1 251 0 1 6 0 0 0 0 7 0 0 0 54 0 0 0 34 1 0 0 0 0 7
509 0 82 5 7 254 0 541 25 1975 16 10 8 1888 29 9 5 0 11 36 127 4 49 142 0 12 49 5289 252 1792 0 0 13 97 0 0 0 14 0 4 4 1 10 4 0 10 0 2 0 3 0 0 0 12 0 0 0 79 0 0 2 27 2 0 0 0 0 4
47 0 185 3 15 2498 541 0 15 1246 12 556 29 2060 62 0 47 1 2 21 21 0 30 20 0 25 6 53 31 75 0 141 1 24 0 0 0 0 1 4 0 1 1 0 0 27 0 0 1 0 0 0 0 4 0 0 0 14 0 0 0 3 0 0 0 0 0 0
0 34 0 64 62 86 25 15 0 29 11 211 39 9 186 3 0 0 1 48 0 446 1 2314 101 3 160 86 12 1 0 2 0 13 1 3 2 42 6 6 2 1 185 12 1 34 5 3 10 0 0 0 0 14 0 2 2 131 5 0 6 59 5 2 0 2 0 1
7 0 0 815 8 2616 1975 1246 29 0 11 1703 26 730 48 0 0 0 3 747 1 0 1 45 0 0 0 1894 195 0 0 1 1 120 0 0 0 1 5 1 0 1 13 0 1 23 1 0 16 0 0 0 0 10 0 0 0 59 0 0 0 2 0 0 0 0 0 0
2 0 0 0 22 9 16 12 11 11 0 60 591 19 4 0 7 455 477 11 1 1 2 2 10 783 16 2 167 0 32 163 1 1037 0 1 0 0 0 0 0 0 1 0 14 0 114 0 0 0 0 0 0 0 0 0 0 0 10 8 7 0 0 0 18 0 0 0
2 1 0 813 151 3686 10 556 211 1703 60 0 38 118 680 0 0 1 4 1808 0 1 0 563 1 3 0 208 103 0 0 7 0 71 1 0 0 105 11 117 8 13 22 41 1 474 0 3 29 0 0 0 0 62 0 0 0 89 0 0 0 66 0 0 0 0 0 4
1 134 0 4 37 35 8 29 39 26 591 38 0 5 27 2 0 2 0 20 1 36 1 44 930 27 150 12 29 1 243 148 0 496 0 20 0 0 1 1 0 0 6 0 59 2 889 0 9 0 0 1 0 3 0 1 1 2 111 50 64 0 0 0 89 1 0 1
1412 0 250 19 1 94 1888 2060 9 730 19 118 5 0 8 0 212 3 17 52 9 0 52 13 0 75 14 61 1997 840 0 175 1 23 0 0 0 0 0 0 0 0 0 0 0 1 0 0 0 0 0 0 0 0 0 0 0 12 1 0 0 1 0 0 0 0 0 0
0 0 0 16 1027 782 29 62 186 48 4 680 27 8 0 1 0 0 0 26 1 10 1 155 6 3 5 55 17 0 0 6 0 26 1 1 0 47 14 7 0 4 4 16 2 62 5 0 19 0 0 0 0 19 2 1 2 26 0 0 0 29 0 1 0 1 0 1
0 0 0 0 3 0 9 0 3 0 0 0 2 0 1 0 1 0 2 0 407 714 1049 748 0 2 752 405 1 1 0 0 0 22 1 1 2 0 0 1 0 0 4 0 0 0 0 1 1 731 0 0 0 0 53 59 213 120 0 2 64 25 2 8 0 0 1 8
36 0 2084 0 0 3 5 47 0 0 7 0 0 212 0 1 0 0 1478 1 44 0 959 6 0 926 899 6 375 438 0 0 47 1553 0 10 16 0 0 0 0 0 2 0 0 0 0 0 0 2 2 0 0 0 0 1 0 0 0 8 88 0 0 0 0 0 0 2
0 0 0 0 0 0 0 1 0 0 455 1 2 3 0 0 0 0 500 1 0 0 0 0 0 564 4 0 19 0 2 3 0 36 0 0 0 0 0 0 0 0 0 0 1 0 2 0 0 0 0 0 0 0 0 0 0 0 0 2 8 0 0 0 3 0 0 0
2 0 32 0 0 2 11 2 1 3 477 4 0 17 0 2 1478 500 0 1 30 0 25 0 0 1769 63 4 103 22 0 3 21 1037 0 1 0 0 0 0 0 0 0 0 0 0 1 0 0 0 1 1 0 0 0 0 0 0 2 22 37 0 0 0 2 0 0 1
2 0 0 2474 14 173 36 21 48 747 11 1808 20 52 26 0 1 1 1 0 0 0 0 318 0 1 0 64 74 0 0 2 0 33 0 0 0 86 1 33 13 3 14 3 3 79 0 0 23 0 0 0 0 98 0 0 0 174 0 0 0 47 1 1 0 0 0 1
1 0 91 0 6 2 127 21 0 1 1 0 1 9 1 407 44 0 30 0 0 6 5866 19 0 5 133 1574 21 2463 0 0 29 1181 2 0 0 0 0 0 0 0 2 0 0 0 0 0 2 40 0 0 0 0 23 3 3 58 0 0 2 19 2 5 0 0 0 5
0 628 1 1 4 0 4 0 446 0 1 1 36 0 10 714 0 0 0 0 6 0 2 1209 139 4 577 17 1 1 0 0 0 4 1 6 3 0 0 1 0 0 38 0 1 1 36 1 0 259 2 0 0 0 6 237 30 81 6 7 164 8 1 2 0 0 0 5
6 0 2206 0 5 5 49 30 1 1 2 0 1 52 1 1049 959 0 25 0 5866 2 0 8 0 123 2597 215 72 884 0 1 7 1473 0 0 12 0 1 0 0 0 1 0 0 0 0 0 1 95 0 0 0 0 13 11 61 21 0 0 160 4 1 3 0 0 1 3
1 80 0 585 108 46 142 20 2314 45 2 563 44 13 155 748 6 0 0 318 19 1209 8 0 195 3 326 1600 22 4 0 0 0 37 4 2 4 230 3 43 38 10 76 92 0 103 1 5 17 78 0 0 0 122 8 22 17 834 7 0 39 325 8 10 0 0 1 22
0 449 0 0 1 0 0 0 101 0 10 1 930 0 6 0 0 0 0 0 0 139 0 195 0 10 1048 0 1 0 1 2 0 5 0 99 0 0 0 0 0 0 2 0 13 0 183 0 0 0 0 0 0 0 0 3 0 2 188 36 152 0 0 1 21 1 0 4
15 6 1546 0 0 3 12 25 3 0 783 3 27 75 3 2 926 564 1769 1 5 4 123 3 10 0 3234 4 141 34 272 18 7 368 0 12 8 0 0 0 0 0 0 0 12 0 97 0 0 0 16 3 25 0 0 1 0 0 80 481 706 0 2 0 51 0 0 21
4 1837 4673 0 3 3 49 6 160 0 16 0 150 14 5 752 899 4 63 0 133 577 2597 326 1048 3234 0 366 52 33 64 2 5 830 0 343 313 0 0 0 3 0 6 0 20 0 221 0 1 327 113 1 32 0 3 103 323 41 171 742 4443 3 0 2 100 0 0 108
1 0 28 1812 30 388 5289 53 86 1894 2 208 12 61 55 405 6 0 4 64 1574 17 215 1600 0 4 366 0 126 1539 0 1 18 286 2 1 0 17 0 24 12 1 43 0 2 57 2 1 33 29 0 0 0 59 8 10 5 447 0 0 8 87 12 5 0 0 1 11
696 0 37 27 1 39 252 31 12 195 167 103 29 1997 17 1 375 19 103 74 21 1 72 22 1 141 52 126 0 1584 2 119 1178 1269 0 1 1 0 0 0 0 0 1 0 0 2 0 0 0 1 0 0 1 0 0 0 0 14 0 0 2 1 0 0 0 0 0 0
470 1 347 0 0 0 1792 75 1 0 0 0 1 840 0 1 438 0 22 0 2463 1 884 4 0 34 33 1539 1584 0 0 0 459 614 0 0 0 0 0 1 0 0 0 0 0 1 0 0 0 0 0 0 0 0 0 0 1 4 0 0 1 0 0 0 0 0 0 0
0 0 0 0 0 0 0 0 0 0 32 0 243 0 0 0 0 2 0 0 0 0 0 0 1 272 64 0 2 0 0 1 0 10 0 0 0 0 0 0 0 0 0 0 6 0 104 0 0 0 0 1 0 0 0 1 0 0 6 45 25 0 0 0 30 0 0 0
0 0 0 1 191 38 0 141 2 1 163 7 148 175 6 0 0 3 3 2 0 0 1 0 2 18 2 1 119 0 1 0 0 421 0 0 0 0 0 0 0 0 0 0 0 0 0 0 0 0 0 0 0 0 0 0 0 0 0 0 0 0 0 0 0 0 0 0
1 0 1 0 0 0 13 1 0 1 1 0 0 1 0 0 47 0 21 0 29 0 7 0 0 7 5 18 1178 459 0 0 0 526 0 0 0 0 0 0 0 0 0 0 0 0 0 0 0 0 0 0 0 0 0 0 0 2 0 0 0 0 0 0 0 0 0 0
2 2 75 18 175 20 97 24 13 120 1037 71 496 23 26 22 1553 36 1037 33 1181 4 1473 37 5 368 830 286 1269 614 10 421 526 0 0 6 11 0 0 2 2 0 3 0 1 9 3 0 3 7 7 0 0 0 0 2 15 48 2 22 119 6 1 0 0 0 0 6
0 0 0 0 0 0 0 0 1 0 0 1 0 0 1 1 0 0 0 0 2 1 0 4 0 0 0 2 0 0 0 0 0 0 0 0 8 1 1 9 730 66 0 15 5 4 0 1123 0 1 8 2 2 1 0 0 0 14 0 8 4 20 754 622 0 0 2 22
0 371 3 0 0 0 0 0 3 0 1 0 20 0 1 1 10 0 1 0 0 6 0 2 99 12 343 1 1 0 0 0 0 6 0 0 0 0 3 2 0 0 18 0 5 0 195 0 7 0 5 0 3 0 0 213 0 62 485 11 1852 0 0 1 1 6 0 2
0 20 51 0 0 0 0 0 2 0 0 0 0 0 0 2 16 0 0 0 0 3 12 4 0 8 313 0 1 0 0 0 0 11 8 0 0 0 0 32 800 41 0 0 1 0 0 138 0 3 1380 2 34 0 84 2 3147 2 0 1143 2506 193 5 53 0 0 0 33
0 0 0 87 0 3 14 0 42 1 0 105 0 0 47 0 0 0 0 86 0 0 0 230 0 0 0 17 0 0 0 0 0 0 1 0 0 0 11 50 14 5 75 1003 2 888 0 10 16 0 0 0 0 2180 0 1 0 743 0 1 0 1676 19 0 0 0 1 17
0 0 0 1 3 1 0 1 6 5 0 11 1 0 14 0 0 0 0 1 0 0 1 3 0 0 0 0 0 0 0 0 0 0 1 3 0 11 0 568 4 16 164 11 117 78 27 3 708 0 0 0 0 2 0 21 0 62 0 0 0 12 0 0 0 65 0 47
0 1 0 15 1 59 4 4 6 1 0 117 1 0 7 1 0 0 0 33 0 1 0 43 0 0 0 24 0 1 0 0 0 2 9 2 32 50 568 0 465 1902 124 2652 31 3029 3 55 605 0 4 3 0 129 0 6 1 100 0 26 4 413 36 1 0 9 3 23
0 3 0 1 0 7 4 0 2 0 0 8 0 0 0 0 0 0 0 13 0 0 0 38 0 0 3 12 0 0 0 0 0 2 730 0 800 14 4 465 0 714 19 2167 14 61 4 3003 19 6 184 9 60 14 37 1 399 261 0 170 69 5863 315 2569 0 3 9 146
0 0 0 0 4 4 1 1 1 1 0 13 0 0 4 0 0 0 0 3 0 0 0 10 0 0 0 1 0 0 0 0 0 0 66 0 41 5 16 1902 714 0 23 1404 24 185 5 3255 48 0 10 3 0 27 1 0 5 22 0 39 1 63 63 9 0 151 0 10
0 0 0 13 1 7 10 1 185 13 1 22 6 0 4 4 2 0 0 14 2 38 1 76 2 0 6 43 1 0 0 0 0 3 0 18 0 75 164 124 19 23 0 40 31 344 71 22 378 1 0 5 1 51 0 322 1 2852 70 5 96 78 24 4 1 7 1 14
0 0 0 2 9 9 4 0 12 0 0 41 0 0 16 0 0 0 0 3 0 0 0 92 0 0 0 0 0 0 0 0 0 0 15 0 0 1003 11 2652 2167 1404 40 0 18 1873 3 817 25 1 0 0 0 2349 0 0 2 118 0 0 0 1593 198 3 0 0 0 153
0 3 2 1 0 1 0 0 1 1 14 1 59 0 2 0 0 1 0 3 0 1 0 0 13 12 20 2 0 0 6 0 0 1 5 5 1 2 117 31 14 24 31 18 0 50 732 37 25 2 16 765 409 18 6 0 7 8 54 767 19 13 422 48 69 387 1 1374
0 0 0 68 10 251 10 27 34 23 0 474 2 1 62 0 0 0 0 79 0 1 0 103 0 0 0 57 2 1 0 0 0 9 4 0 0 888 78 3029 61 185 344 1873 50 0 2 121 399 0 0 9 0 2011 0 3 0 383 1 13 6 310 169 1 1 3 0 95
0 54 0 0 1 0 0 0 5 1 114 0 889 0 5 0 0 2 1 0 0 36 0 1 183 97 221 2 0 0 104 0 0 3 0 195 0 0 27 3 4 5 71 3 732 2 0 4 23 0 0 0 0 1 0 40 2 42 1160 56 503 2 45 0 304 223 0 147
0 0 0 0 0 1 2 0 3 0 0 3 0 0 0 1 0 0 0 0 0 1 0 5 0 0 0 1 0 0 0 0 0 0 1123 0 138 10 3 55 3003 3255 22 817 37 121 4 0 28 1 29 5 3 52 0 0 14 24 1 45 5 46 2030 204 1 36 2 39
0 0 0 35 7 6 0 1 10 16 0 29 9 0 19 1 0 0 0 23 2 0 1 17 0 0 1 33 0 0 0 0 0 3 0 7 0 16 708 605 19 48 378 25 25 399 23 28 0 8 0 2 0 18 8 13 15 139 10 8 20 60 9 0 0 17 0 16
0 1 2 0 1 0 3 0 0 0 0 0 0 0 0 731 2 0 0 0 40 259 95 78 0 0 327 29 1 0 0 0 0 7 1 0 3 0 0 0 6 0 1 1 2 0 0 1 8 0 1 0 0 0 753 1000 1695 823 0 2 569 93 9 4 0 0 1 15
0 8 18 0 0 0 0 0 0 0 0 0 0 0 0 0 2 0 1 0 0 2 0 0 0 16 113 0 0 0 0 0 0 7 8 5 1380 0 0 4 184 10 0 0 16 0 0 29 0 1 0 25 1508 0 8 0 909 1 0 969 577 15 6 310 0 0 3 1015
0 0 0 0 0 0 0 0 0 0 0 0 1 0 0 0 0 0 1 0 0 0 0 0 0 3 1 0 0 0 1 0 0 0 2 0 2 0 0 3 9 3 5 0 765 9 0 5 2 0 25 0 572 2 0 0 0 1 0 650 7 1 35 32 0 4 1 65
0 1 0 0 0 0 0 0 0 0 0 0 0 0 0 0 0 0 0 0 0 0 0 0 0 25 32 0 1 0 0 0 0 0 2 3 34 0 0 0 60 0 1 0 409 0 0 3 0 0 1508 572 0 0 4 0 25 0 0 883 61 4 38 194 0 0 2 660
0 0 0 90 0 7 12 4 14 10 0 62 3 0 19 0 0 0 0 98 0 0 0 122 0 0 0 59 0 0 0 0 0 0 1 0 0 2180 2 129 14 27 51 2349 18 2011 1 52 18 0 0 2 0 0 0 1 0 128 0 1 1 114 57 0 0 0 0 45
0 0 0 0 0 0 0 0 0 0 0 0 0 0 2 53 0 0 0 0 23 6 13 8 0 0 3 8 0 0 0 0 0 0 0 0 84 0 0 0 37 1 0 0 6 0 0 0 8 753 8 0 4 0 0 7 6119 33 0 8 84 1739 15 2167 0 0 18 1270
0 33 4 0 0 0 0 0 2 0 0 0 1 0 1 59 1 0 0 0 3 237 11 22 3 1 103 10 0 0 1 0 0 2 0 213 2 1 21 6 1 0 322 0 0 3 40 0 13 1000 0 0 0 1 7 0 52 1010 105 1 1052 4 0 0 0 3 0 9
0 10 21 0 2 0 0 0 2 0 0 0 1 0 2 213 0 0 0 0 3 30 61 17 0 0 323 5 0 1 0 0 0 15 0 0 3147 0 0 1 399 5 1 2 7 0 2 14 15 1695 909 0 25 0 6119 52 0 24 0 91 2434 559 16 625 0 0 7 1250
1 0 0 196 1 54 79 14 131 59 0 89 2 12 26 120 0 0 0 174 58 81 21 834 2 0 41 447 14 4 0 0 2 48 14 62 2 743 62 100 261 22 2852 118 8 383 42 24 139 823 1 1 0 128 33 1010 24 0 154 1 364 2337 150 39 0 1 6 120
0 13 0 0 0 0 0 0 5 0 10 0 111 1 0 0 0 0 2 0 0 6 0 7 188 80 171 0 0 0 6 0 0 2 0 485 0 0 0 0 0 0 70 0 54 1 1160 1 10 0 0 0 0 0 0 105 0 154 0 9 659 0 1 0 3 14 0 1
0 21 49 0 0 0 0 0 0 0 8 0 50 0 0 2 8 2 22 0 0 7 0 0 36 481 742 0 0 0 45 0 0 22 8 11 1143 1 0 26 170 39 5 0 767 13 56 45 8 2 969 650 883 1 8 1 91 1 9 0 3312 13 59 53 113 4 3 187
0 547 234 0 0 0 2 0 6 0 7 0 64 0 0 64 88 8 37 0 2 164 160 39 152 706 4443 8 2 1 25 0 0 119 4 1852 2506 0 0 4 69 1 96 0 19 6 503 5 20 569 577 7 61 1 84 1052 2434 364 659 3312 0 131 31 45 24 0 5 353
0 1 0 28 1 34 27 3 59 2 0 66 0 1 29 25 0 0 0 47 19 8 4 325 0 0 3 87 1 0 0 0 0 6 20 0 193 1676 12 413 5863 63 78 1593 13 310 2 46 60 93 15 1 4 114 1739 4 559 2337 0 13 131 0 405 1620 0 2 56 674
0 0 0 0 0 1 2 0 5 0 0 0 0 0 0 2 0 0 0 1 2 1 1 8 0 2 0 12 0 0 0 0 0 1 754 0 5 19 0 36 315 63 24 198 422 169 45 2030 9 9 6 35 38 57 15 0 16 150 1 59 31 405 0 934 2 121 1237 1377
0 1 1 0 1 0 0 0 2 0 0 0 0 0 1 8 0 0 0 1 5 2 3 10 1 0 2 5 0 0 0 0 0 0 622 1 53 0 0 1 2569 9 4 3 48 1 0 204 0 4 310 32 194 0 2167 0 625 39 0 53 45 1620 934 0 0 0 227 681
0 3 0 0 0 0 0 0 0 0 18 0 89 0 0 0 0 3 2 0 0 0 0 0 21 51 100 0 0 0 30 0 0 0 0 1 0 0 0 0 0 0 1 0 69 1 304 1 0 0 0 0 0 0 0 0 0 0 3 113 24 0 2 0 0 4 0 0
0 0 0 0 0 0 0 0 2 0 0 0 1 0 1 0 0 0 0 0 0 0 0 0 1 0 0 0 0 0 0 0 0 0 0 6 0 0 65 9 3 151 7 0 387 3 223 36 17 0 0 4 0 0 0 3 0 1 14 4 0 2 121 0 4 0 0 219
0 0 0 0 0 0 0 0 0 0 0 0 0 0 0 1 0 0 0 0 0 0 1 1 0 0 0 1 0 0 0 0 0 0 2 0 0 1 0 3 9 0 1 0 1 0 0 2 0 1 3 1 2 0 18 0 7 6 0 3 5 56 1237 227 0 0 0 437
1 6 9 0 0 7 4 0 1 0 0 4 1 0 1 8 2 0 1 1 5 5 3 22 4 21 108 11 0 0 0 0 0 6 22 2 33 17 47 23 146 10 14 153 1374 95 147 39 16 15 1015 65 660 45 1270 9 1250 120 1 187 353 674 1377 681 0 219 437 0
