0 0 6 0 0 14 632 170 0 6 15 0 0 1229 0 0 56 4 65 1 2 0 11 1 0 59 7 4 704 294 0 0 0 18 0 0 0 0 0 0 0 0 0 0 1 0 0 0 0 0 0 0 0 0 0 0 0 0 0 0 0 0 0 0 0 0 0 0
0 0 0 0 0 1 0 0 34 0 8 1 163 0 2 0 2 0 1 0 0 359 0 70 539 5 1622 0 0 0 0 0 0 1 0 158 1 0 0 0 0 0 2 0 2 0 18 0 0 1 0 0 1 0 0 5 0 7 47 7 331 2 0 0 0 0 0 0
6 0 0 0 0 24 178 49 0 5 0 0 0 20 1 0 1957 2 17 0 213 0 2407 1 0 3057 3066 26 0 34 0 0 1 61 0 0 90 0 0 0 0 0 0 0 0 0 0 0 0 0 6 0 0 0 0 2 26 0 0 1 182 0 0 0 0 0 0 2
0 0 0 0 26 12 11 4 295 862 0 755 1 1 57 0 0 0 0 4283 0 2 0 2090 0 0 2 1526 15 0 0 0 4 29 0 0 0 199 0 1 1 0 47 33 0 56 0 0 1 0 0 0 0 101 0 1 0 99 0 0 0 26 0 0 0 0 0 0
0 0 0 26 0 349 2 3 66 12 5 41 202 0 826 0 0 0 0 10 0 1 0 43 0 0 0 32 0 0 0 59 0 346 0 0 0 0 7 5 0 1 4 4 0 10 0 0 4 0 0 0 0 0 0 0 0 0 0 0 0 0 0 0 0 0 0 3
14 1 24 12 349 0 248 2285 160 3908 44 2070 102 46 603 0 9 0 1 46 1 0 8 42 1 8 0 296 58 0 0 47 2 85 0 0 0 8 5 54 1 28 18 5 0 134 0 5 11 0 0 0 0 46 0 0 0 25 0 0 0 9 0 1 1 5 0 18
632 0 178 11 2 248 0 549 11 2181 15 3 10 1494 19 0 83 5 4 2 187 1 141 67 0 51 3 4539 153 957 0 4 12 85 0 0 0 0 0 0 2 0 2 0 0 7 0 0 0 1 0 0 0 3 0 1 1 21 0 0 0 14 0 0 0 0 0 1
170 0 49 4 3 2285 549 0 18 701 14 53 29 2410 9 0 191 3 32 10 8 2 69 9 1 66 2 55 105 219 0 56 1 44 0 0 0 0 0 3 0 4 1 0 0 5 0 0 0 0 0 0 0 1 0 0 0 0 0 0 1 0 0 0 0 2 0 3
0 34 0 295 66 160 11 18 0 89 7 478 48 1 367 1 0 0 2 84 0 445 0 2649 89 2 364 178 6 1 0 4 0 24 0 4 0 29 3 16 2 1 98 34 0 79 1 3 9 0 0 0 0 47 0 15 0 125 3 0 18 58 1 0 0 0 0 1
6 0 5 862 12 3908 2181 701 89 0 69 1669 63 364 44 0 2 0 4 1494 0 0 1 61 0 0 0 2118 164 1 0 7 1 225 0 0 0 8 2 9 0 3 31 3 0 98 0 0 6 0 0 0 0 31 0 2 0 137 0 0 0 4 0 0 0 0 0 3
15 8 0 0 5 44 15 14 7 69 0 36 485 4 1 0 31 1208 370 7 1 5 0 5 8 421 29 3 114 3 9 130 1 1096 0 0 0 0 1 0 0 0 0 0 29 0 67 0 0 0 1 0 1 0 0 0 0 0 14 36 37 0 0 0 13 3 0 13
0 1 0 755 41 2070 3 53 478 1669 36 0 41 24 458 0 0 2 4 1619 0 0 0 545 0 1 2 325 29 0 0 3 0 79 0 0 0 101 1 73 8 2 45 50 0 693 0 1 23 2 0 0 0 256 0 0 0 90 0 0 0 71 1 0 0 0 0 10
0 163 0 1 202 102 10 29 48 63 485 41 0 3 48 0 0 9 4 24 1 128 0 39 860 27 1273 28 34 2 180 118 0 474 0 3 0 1 16 28 4 12 2 3 169 16 444 1 8 0 0 0 1 10 0 0 0 2 122 81 99 20 1 0 30 37 1 350
1229 0 20 1 0 46 1494 2410 1 364 4 24 3 0 1 0 106 2 12 8 3 0 39 2 0 10 1 25 1987 462 0 105 0 43 0 0 0 0 0 1 0 2 0 0 0 0 0 0 0 1 0 0 0 0 0 0 0 0 0 0 0 0 0 0 0 0 0 2
0 2 1 57 826 603 19 9 367 44 1 458 48 1 0 0 0 0 0 14 36 4 4 155 0 1 12 110 0 5 0 0 0 4 0 0 0 5 9 12 0 10 4 4 0 44 0 2 7 0 0 0 0 23 0 0 0 0 0 0 0 2 0 0 0 0 0 12
0 0 0 0 0 0 0 0 1 0 0 0 0 0 0 0 1 0 0 0 754 931 1063 773 0 0 915 72 0 0 0 0 0 0 0 1 0 0 0 0 0 0 0 0 0 0 0 0 0 825 0 0 0 0 16 73 234 109 0 0 84 25 0 2 0 0 0 0
56 2 1957 0 0 9 83 191 0 2 31 0 0 106 0 1 0 28 1691 0 113 0 1974 1 0 1220 715 5 159 298 0 0 15 1152 0 6 24 0 0 0 0 0 0 0 0 0 1 0 0 1 0 0 2 0 0 3 1 0 2 5 119 0 0 0 0 0 0 0
4 0 2 0 0 0 5 3 0 0 1208 2 9 2 0 0 28 0 631 0 0 1 0 1 0 460 9 0 19 2 0 0 5 96 0 0 0 0 0 0 0 0 0 0 4 0 9 0 0 0 0 0 0 0 0 0 0 0 1 17 13 0 0 0 4 0 0 0
65 1 17 0 0 1 4 32 2 4 370 4 4 12 0 0 1691 631 0 0 3 0 13 1 0 1227 82 0 100 27 1 0 16 689 0 3 5 0 0 0 0 0 0 0 0 0 3 0 0 0 0 0 0 0 0 0 0 0 1 12 55 0 0 0 1 0 0 0
1 0 0 4283 10 46 2 10 84 1494 7 1619 24 8 14 0 0 0 0 0 0 0 0 411 0 0 0 745 24 0 0 4 1 53 0 0 0 146 0 20 15 0 42 46 0 200 0 0 8 0 0 0 0 411 0 2 0 181 0 0 0 45 0 0 0 0 0 8
2 0 213 0 0 1 187 8 0 0 1 0 1 3 36 754 113 0 3 0 0 1 6661 16 0 14 127 1780 18 2596 0 3 10 1450 0 0 1 0 0 0 1 0 0 0 0 0 0 0 0 84 0 0 0 0 7 2 17 24 0 0 11 2 0 5 0 0 1 5
0 359 0 2 1 0 1 2 445 0 5 0 128 0 4 931 0 1 0 0 1 0 2 882 87 5 921 17 0 0 0 0 0 0 0 23 0 0 0 0 1 0 4 0 1 0 1 0 0 90 0 0 0 0 3 220 1 39 3 0 78 11 0 0 0 1 0 1
11 0 2407 0 0 8 141 69 0 1 0 0 0 39 4 1063 1974 0 13 0 6661 2 0 17 0 155 1922 126 14 478 0 0 1 1133 0 0 24 0 0 0 0 0 0 0 0 0 0 0 0 350 2 0 0 0 5 10 359 16 0 0 285 3 0 0 0 0 0 0
1 70 1 2090 43 42 67 9 2649 61 5 545 39 2 155 773 1 1 1 411 16 882 17 0 69 0 682 1686 12 1 0 1 1 28 1 6 0 52 0 16 17 0 108 27 0 45 0 0 3 201 0 0 0 102 21 50 6 939 2 0 22 276 3 5 0 0 3 24
0 539 0 0 0 1 0 1 89 0 8 0 860 0 0 0 0 0 0 0 0 87 0 69 0 2 1309 0 1 0 4 1 0 0 0 12 0 0 0 0 0 0 0 0 25 0 169 0 0 0 0 0 0 0 0 0 0 1 209 6 72 0 1 0 13 2 0 56
59 5 3057 0 0 8 51 66 2 0 421 1 27 10 1 0 1220 460 1227 0 14 5 155 0 2 0 2568 5 37 19 453 0 5 242 0 22 9 0 0 0 0 0 0 0 25 0 141 0 0 0 1 2 16 0 0 1 0 0 14 192 468 0 0 0 45 2 0 1
7 1622 3066 2 0 0 3 2 364 0 29 2 1273 1 12 915 715 9 82 0 127 921 1922 682 1309 2568 0 346 11 5 292 1 2 480 0 194 482 0 0 0 0 0 4 0 25 0 233 0 0 206 24 1 18 0 0 256 267 14 164 200 4998 0 0 0 39 0 0 13
4 0 26 1526 32 296 4539 55 178 2118 3 325 28 25 110 72 5 0 0 745 1780 17 126 1686 0 5 346 0 109 965 0 1 26 242 0 0 0 18 0 1 2 0 58 2 0 35 0 0 2 87 1 0 0 35 15 13 11 343 0 0 7 84 4 7 0 0 2 30
704 0 0 15 0 58 153 105 6 164 114 29 34 1987 0 0 159 19 100 24 18 0 14 12 1 37 11 109 0 1363 1 58 950 778 0 0 0 0 2 5 0 2 2 0 6 2 6 2 0 6 0 0 0 0 0 1 0 3 0 2 4 0 0 0 2 1 0 4
294 0 34 0 0 0 957 219 1 1 3 0 2 462 5 0 298 2 27 0 2596 0 478 1 0 19 5 965 1363 0 0 5 340 626 0 0 0 0 0 0 0 0 0 0 0 0 0 0 0 0 0 0 0 0 0 0 0 0 0 0 0 0 0 0 0 0 0 0
0 0 0 0 0 0 0 0 0 0 9 0 180 0 0 0 0 0 1 0 0 0 0 0 4 453 292 0 1 0 0 0 0 4 0 2 0 0 0 0 0 0 0 0 5 0 101 0 0 0 0 0 1 0 0 0 0 0 5 25 27 0 0 0 17 0 0 0
0 0 0 0 59 47 4 56 4 7 130 3 118 105 0 0 0 0 0 4 3 0 0 1 1 0 1 1 58 5 0 0 7 453 0 0 0 0 0 4 0 5 0 0 3 0 2 0 0 0 0 0 0 0 0 0 0 0 0 2 1 0 0 0 1 0 0 2
0 0 1 4 0 2 12 1 0 1 1 0 0 0 0 0 15 5 16 1 10 0 1 1 0 5 2 26 950 340 0 7 0 773 0 0 0 0 0 0 0 0 0 0 0 0 0 0 0 0 0 0 0 0 0 0 0 3 0 0 0 3 0 0 0 0 0 0
18 1 61 29 346 85 85 44 24 225 1096 79 474 43 4 0 1152 96 689 53 1450 0 1133 28 0 242 480 242 778 626 4 453 773 0 0 0 31 0 1 1 0 0 2 0 1 3 3 1 1 2 1 0 1 0 3 1 8 12 0 5 106 7 1 0 1 0 0 2
0 0 0 0 0 0 0 0 0 0 0 0 0 0 0 0 0 0 0 0 0 0 0 1 0 0 0 0 0 0 0 0 0 0 0 0 0 3 0 3 673 1 4 31 5 17 0 891 0 0 0 6 2 21 1 0 0 2 0 5 0 12 1616 217 0 0 0 23
0 158 0 0 0 0 0 0 4 0 0 0 3 0 0 1 6 0 3 0 0 23 0 6 12 22 194 0 0 0 2 0 0 0 0 0 0 3 1 0 1 0 99 0 3 0 94 0 4 0 0 0 1 0 0 287 0 120 606 3 1110 1 0 0 1 0 0 38
0 1 90 0 0 0 0 0 0 0 0 0 0 0 0 0 24 0 5 0 1 0 24 0 0 9 482 0 0 0 0 0 0 31 0 0 0 0 0 8 196 17 0 6 1 8 0 11 0 1 166 1 6 0 31 0 1777 5 0 2971 3685 104 0 3 0 0 0 27
0 0 0 199 0 8 0 0 29 8 0 101 1 0 5 0 0 0 0 146 0 0 0 52 0 0 0 18 0 0 0 0 0 0 3 3 0 0 21 27 3 6 214 2191 1 1150 0 5 39 0 0 0 0 3792 0 0 0 1867 2 0 1 1849 5 0 0 0 0 18
0 0 0 0 7 5 0 0 3 2 1 1 16 0 9 0 0 0 0 0 0 0 0 0 0 0 0 0 2 0 0 0 0 1 0 1 0 21 0 228 4 4 71 1 12 33 3 0 950 0 0 0 0 10 2 4 0 64 0 0 2 11 0 1 0 19 0 152
0 0 0 1 5 54 0 3 16 9 0 73 28 1 12 0 0 0 0 20 0 0 0 16 0 0 0 1 5 0 0 4 0 1 3 0 8 27 228 0 125 2120 116 2150 68 1997 0 100 865 0 3 3 0 48 1 0 2 39 0 17 0 439 57 0 0 19 0 164
0 0 0 1 0 1 2 0 2 0 0 8 4 0 0 0 0 0 0 15 1 1 0 17 0 0 0 2 0 0 0 0 0 0 673 1 196 3 4 125 0 398 4 2050 57 87 5 3093 26 0 205 15 142 10 56 0 238 68 0 313 3 3868 272 1876 0 5 8 345
0 0 0 0 1 28 0 4 1 3 0 2 12 2 10 0 0 0 0 0 0 0 0 0 0 0 0 0 2 0 0 5 0 0 1 0 17 6 4 2120 398 0 35 448 53 179 3 2268 40 0 8 3 1 25 0 0 3 11 0 19 0 74 31 8 0 107 1 136
0 2 0 47 4 18 2 1 98 31 0 45 2 0 4 0 0 0 0 42 0 4 0 108 0 0 4 58 2 0 0 0 0 2 4 99 0 214 71 116 4 35 0 41 9 440 23 12 321 1 1 0 0 105 0 547 0 2344 66 5 226 109 12 0 0 2 0 35
0 0 0 33 4 5 0 0 34 3 0 50 3 0 4 0 0 0 0 46 0 0 0 27 0 0 0 2 0 0 0 0 0 0 31 0 6 2191 1 2150 2050 448 41 0 18 1407 0 226 8 0 1 0 0 1458 0 0 2 53 0 2 0 3015 122 0 0 3 0 162
1 2 0 0 0 0 0 0 0 0 29 0 169 0 0 0 0 4 0 0 0 1 0 0 25 25 25 0 6 0 5 3 0 1 5 3 1 1 12 68 57 53 9 18 0 74 592 71 2 0 24 1641 179 45 4 5 19 5 77 861 15 16 184 15 34 335 0 1500
0 0 0 56 10 134 7 5 79 98 0 693 16 0 44 0 0 0 0 200 0 0 0 45 0 0 0 35 2 0 0 0 0 3 17 0 8 1150 33 1997 87 179 440 1407 74 0 4 98 405 0 1 5 0 2360 0 0 3 296 0 14 2 484 87 0 0 4 0 224
0 18 0 0 0 0 0 0 1 0 67 0 444 0 0 0 1 9 3 0 0 1 0 0 169 141 233 0 6 0 101 2 0 3 0 94 0 0 3 0 5 3 23 0 592 4 0 5 14 0 0 0 0 1 0 28 0 15 692 75 1295 4 2 0 180 34 0 262
0 0 0 0 0 5 0 0 3 0 0 1 1 0 2 0 0 0 0 0 0 0 0 0 0 0 0 0 2 0 0 0 0 1 891 0 11 5 0 100 3093 2268 12 226 71 98 5 0 5 0 7 1 0 28 1 0 11 9 0 25 0 55 1186 251 0 61 2 294
0 0 0 1 4 11 0 0 9 6 0 23 8 0 7 0 0 0 0 8 0 0 0 3 0 0 0 2 0 0 0 0 0 1 0 4 0 39 950 865 26 40 321 8 2 405 14 5 0 2 0 0 0 13 44 10 20 168 0 2 18 124 5 11 0 2 0 27
0 1 0 0 0 0 1 0 0 0 0 2 0 1 0 825 1 0 0 0 84 90 350 201 0 0 206 87 6 0 0 0 0 2 0 0 1 0 0 0 0 0 1 0 0 0 0 0 2 0 1 0 0 1 503 1188 1381 1657 0 1 1181 143 1 1 0 0 0 2
0 0 6 0 0 0 0 0 0 0 1 0 0 0 0 0 0 0 0 0 0 0 2 0 0 1 24 1 0 0 0 0 0 1 0 0 166 0 0 3 205 8 1 1 24 1 0 7 0 1 0 27 968 0 67 0 1465 0 0 436 338 96 0 223 0 0 0 1136
0 0 0 0 0 0 0 0 0 0 0 0 0 0 0 0 0 0 0 0 0 0 0 0 0 2 1 0 0 0 0 0 0 0 6 0 1 0 0 3 15 3 0 0 1641 5 0 1 0 0 27 0 757 0 4 0 9 1 0 377 3 1 5 23 0 1 0 139
0 1 0 0 0 0 0 0 0 0 1 0 1 0 0 0 2 0 0 0 0 0 0 0 0 16 18 0 0 0 1 0 0 1 2 1 6 0 0 0 142 1 0 0 179 0 0 0 0 0 968 757 0 0 3 0 23 1 0 1654 40 23 0 50 0 0 0 417
0 0 0 101 0 46 3 1 47 31 0 256 10 0 23 0 0 0 0 411 0 0 0 102 0 0 0 35 0 0 0 0 0 0 21 0 0 3792 10 48 10 25 105 1458 45 2360 1 28 13 1 0 0 0 0 0 0 0 304 0 0 0 482 67 0 0 5 0 130
0 0 0 0 0 0 0 0 0 0 0 0 0 0 0 16 0 0 0 0 7 3 5 21 0 0 0 15 0 0 0 0 0 3 1 0 31 0 2 1 56 0 0 0 4 0 0 1 44 503 67 4 3 0 0 0 5677 75 0 18 20 2554 7 1777 0 2 9 918
0 5 2 1 0 0 1 0 15 2 0 0 0 0 0 73 3 0 0 2 2 220 10 50 0 1 256 13 1 0 0 0 0 1 0 287 0 0 4 0 0 0 547 0 5 0 28 0 10 1188 0 0 0 0 0 0 1 1060 101 0 680 11 0 0 0 0 0 12
0 0 26 0 0 0 1 0 0 0 0 0 0 0 0 234 1 0 0 0 17 1 359 6 0 0 267 11 0 0 0 0 0 8 0 0 1777 0 0 2 238 3 0 2 19 3 0 11 20 1381 1465 9 23 0 5677 1 0 18 0 766 1979 322 2 351 0 0 0 916
0 7 0 99 0 25 21 0 125 137 0 90 2 0 0 109 0 0 0 181 24 39 16 939 1 0 14 343 3 0 0 0 3 12 2 120 5 1867 64 39 68 11 2344 53 5 296 15 9 168 1657 0 1 1 304 75 1060 18 0 105 5 623 2610 24 1 0 0 1 58
0 47 0 0 0 0 0 0 3 0 14 0 122 0 0 0 2 1 1 0 0 3 0 2 209 14 164 0 0 0 5 0 0 0 0 606 0 2 0 0 0 0 66 0 77 0 692 0 0 0 0 0 0 0 0 101 0 105 0 5 723 0 0 0 4 12 0 179
0 7 1 0 0 0 0 0 0 0 36 0 81 0 0 0 5 17 12 0 0 0 0 0 6 192 200 0 2 0 25 2 0 5 5 3 2971 0 0 17 313 19 5 2 861 14 75 25 2 1 436 377 1654 0 18 0 766 5 5 0 2836 48 9 14 295 3 0 253
0 331 182 0 0 0 0 1 18 0 37 0 99 0 0 84 119 13 55 0 11 78 285 22 72 468 4998 7 4 0 27 1 0 106 0 1110 3685 1 2 0 3 0 226 0 15 2 1295 0 18 1181 338 3 40 0 20 680 1979 623 723 2836 0 113 0 7 289 0 0 304
0 2 0 26 0 9 14 0 58 4 0 71 20 0 2 25 0 0 0 45 2 11 3 276 0 0 0 84 0 0 0 0 3 7 12 1 104 1849 11 439 3868 74 109 3015 16 484 4 55 124 143 96 1 23 482 2554 11 322 2610 0 48 113 0 144 1744 0 1 31 491
0 0 0 0 0 0 0 0 1 0 0 1 1 0 0 0 0 0 0 0 0 0 0 3 1 0 0 4 0 0 0 0 0 1 1616 0 0 5 0 57 272 31 12 122 184 87 2 1186 5 1 0 5 0 67 7 0 2 24 0 9 0 144 0 545 0 110 459 1027
0 0 0 0 0 1 0 0 0 0 0 0 0 0 0 2 0 0 0 0 5 0 0 5 0 0 0 7 0 0 0 0 0 0 217 0 3 0 1 0 1876 8 0 0 15 0 0 251 11 1 223 23 50 0 1777 0 351 1 0 14 7 1744 545 0 0 2 274 1382
0 0 0 0 0 1 0 0 0 0 13 0 30 0 0 0 0 4 1 0 0 0 0 0 13 45 39 0 2 0 17 1 0 1 0 1 0 0 0 0 0 0 0 0 34 0 180 0 0 0 0 0 0 0 0 0 0 0 4 295 289 0 0 0 0 1 0 6
0 0 0 0 0 5 0 2 0 0 3 0 37 0 0 0 0 0 0 0 0 1 0 0 2 2 0 0 1 0 0 0 0 0 0 0 0 0 19 19 5 107 2 3 335 4 34 61 2 0 0 1 0 5 2 0 0 0 12 3 0 1 110 2 1 0 1 747
0 0 0 0 0 0 0 0 0 0 0 0 1 0 0 0 0 0 0 0 1 0 0 3 0 0 0 2 0 0 0 0 0 0 0 0 0 0 0 0 8 1 0 0 0 0 0 2 0 0 0 0 0 0 9 0 0 1 0 0 0 31 459 274 0 1 0 231
0 0 2 0 3 18 1 3 1 3 13 10 350 2 12 0 0 0 0 8 5 1 0 24 56 1 13 30 4 0 0 2 0 2 23 38 27 18 152 164 345 136 35 162 1500 224 262 294 27 2 1136 139 417 130 918 12 916 58 179 253 304 491 1027 1382 6 747 231 0
