0 0 6 1 0 3 479 18 2 8 5 6 1 1002 1 0 78 6 14 1 2 0 13 10 0 8 9 19 1283 335 0 0 1 15 0 0 0 0 0 0 0 0 0 0 0 0 0 0 0 0 0 0 0 0 0 1 0 8 0 0 2 2 0 0 0 0 0 2
0 0 1 0 0 0 0 0 21 0 0 0 105 0 6 0 6 1 2 0 1 232 0 40 495 11 2159 0 3 0 0 0 0 6 0 26 0 0 0 0 0 0 1 0 0 0 9 0 0 0 1 1 2 0 0 5 0 8 13 9 130 0 0 0 3 0 0 2
6 1 0 3 0 19 416 110 0 18 0 0 1 43 1 0 1164 0 13 0 63 0 4401 9 0 1368 3161 248 10 178 0 0 0 73 0 5 24 0 0 0 0 0 0 0 0 0 0 0 0 8 11 0 0 0 2 2 1 0 0 25 184 0 0 0 0 0 0 6
1 0 3 0 11 61 2 36 65 780 0 499 4 15 37 0 0 0 1 2280 0 0 0 787 0 0 0 1246 23 3 0 0 0 14 0 0 0 203 0 2 1 0 38 6 0 19 0 0 8 0 0 0 0 98 0 3 0 120 0 0 0 27 0 0 0 0 0 2
0 0 0 11 0 130 3 5 96 5 30 40 205 1 966 0 0 0 1 14 1 14 0 49 0 0 1 14 4 0 0 48 0 472 0 0 0 0 0 3 0 1 2 3 0 3 0 0 3 0 0 0 0 1 0 1 0 1 0 0 0 0 0 0 0 0 0 2
3 0 19 61 130 0 246 2456 94 2986 7 4180 54 47 944 0 13 10 3 150 0 2 1 56 0 9 1 455 32 4 0 21 0 19 1 2 0 22 1 11 2 7 12 30 0 79 0 0 15 1 0 0 0 23 0 0 1 73 0 0 0 77 1 1 0 0 0 17
479 0 416 2 3 246 0 1011 7 1876 6 16 7 2065 9 0 85 1 5 8 108 0 176 70 0 40 1 5104 174 1793 0 2 6 72 0 0 0 6 0 2 0 0 10 17 0 6 0 0 5 2 0 0 0 6 0 0 0 18 0 0 0 14 0 0 0 0 0 1
18 0 110 36 5 2456 1011 0 17 1067 20 420 24 2669 46 0 215 3 15 75 3 0 31 19 0 30 6 156 44 102 3 300 0 29 0 0 0 0 0 0 0 0 4 0 0 0 0 0 0 1 0 0 0 0 0 1 0 1 0 0 0 0 0 0 0 2 1 3
2 21 0 65 96 94 7 17 0 29 10 303 78 8 397 0 1 2 4 87 0 697 0 1797 77 5 124 142 24 1 0 13 2 29 1 0 0 21 4 3 3 2 199 18 0 81 3 2 11 2 0 0 0 21 1 34 0 89 8 0 2 25 7 4 0 0 0 6
8 0 18 780 5 2986 1876 1067 29 0 8 834 38 180 29 0 5 0 4 1260 0 0 2 33 0 3 0 1189 133 10 0 2 0 88 0 0 0 5 0 12 0 0 52 10 0 8 0 0 19 0 0 0 0 17 0 2 0 161 0 0 0 7 0 0 0 0 0 9
5 0 0 0 30 7 6 20 10 8 0 36 635 17 13 0 66 1475 301 3 0 0 1 5 1 573 38 5 208 4 218 151 0 1128 0 0 0 0 0 0 0 0 1 0 6 0 139 0 0 0 0 1 0 0 0 0 0 0 7 9 22 0 0 0 25 0 0 0
6 0 0 499 40 4180 16 420 303 834 36 0 43 133 571 0 1 14 5 1635 0 4 1 338 1 5 1 373 83 3 0 14 0 75 0 0 0 56 2 83 0 4 22 77 0 995 0 1 26 0 0 0 0 64 0 2 0 74 0 0 0 33 0 0 0 0 0 7
1 105 1 4 205 54 7 24 78 38 635 43 0 10 82 3 1 27 6 23 0 57 16 41 736 34 758 42 40 3 150 158 0 386 0 36 0 0 3 21 5 12 11 10 73 9 997 4 24 0 0 0 0 6 0 7 0 1 174 19 147 4 1 0 77 6 0 138
1002 0 43 15 1 47 2065 2669 8 180 17 133 10 0 15 0 178 9 20 54 5 0 33 15 0 34 7 117 1390 391 0 40 0 49 0 0 0 1 0 0 0 0 3 0 0 0 0 0 0 3 0 0 0 0 0 3 0 2 0 0 1 0 0 0 0 0 1 1
1 6 1 37 966 944 9 46 397 29 13 571 82 15 0 2 0 2 3 36 38 49 19 233 32 3 31 107 28 3 0 17 1 20 2 0 0 43 7 15 0 5 22 35 0 34 4 1 22 8 0 0 0 30 1 2 3 37 0 0 1 73 4 1 0 0 1 27
0 0 0 0 0 0 0 0 0 0 0 0 3 0 2 0 2 0 0 0 274 862 1239 487 0 0 976 77 0 4 0 0 0 19 0 6 1 0 0 0 0 0 20 0 0 1 0 0 4 519 0 0 0 0 31 40 290 36 0 1 128 5 1 1 0 0 0 6
78 6 1164 0 0 13 85 215 1 5 66 1 1 178 0 2 0 31 1498 0 33 2 1077 3 0 1096 616 19 164 315 0 0 7 1488 0 6 9 0 0 0 0 0 0 0 0 0 0 0 0 3 4 0 5 0 0 0 0 0 0 20 111 0 0 0 0 0 0 2
6 1 0 0 0 10 1 3 2 0 1475 14 27 9 2 0 31 0 663 0 0 0 0 0 0 444 4 0 64 1 0 2 0 145 0 0 0 0 0 0 0 0 0 0 0 0 0 0 0 0 0 0 0 0 0 0 0 0 0 11 4 0 0 0 0 0 0 0
14 2 13 1 1 3 5 15 4 4 301 5 6 20 3 0 1498 663 0 0 4 0 5 2 0 983 90 4 76 24 0 0 1 535 0 7 1 0 0 0 0 0 0 0 0 0 1 0 0 0 2 0 6 0 0 0 0 0 3 30 63 0 0 0 4 0 0 1
1 0 0 2280 14 150 8 75 87 1260 3 1635 23 54 36 0 0 0 0 0 0 0 0 267 0 0 0 876 35 0 0 2 0 28 0 0 0 56 0 11 2 0 38 28 0 18 1 0 29 0 0 0 0 32 0 1 0 144 0 0 0 34 0 0 0 0 0 10
2 1 63 0 1 0 108 3 0 0 0 0 0 5 38 274 33 0 4 0 0 6 6857 29 0 0 26 1101 73 3010 0 0 104 1586 0 0 0 0 0 0 0 0 4 0 0 0 0 0 0 31 0 0 0 0 6 6 9 8 0 0 2 1 1 0 0 0 0 3
0 232 0 0 14 2 0 0 697 0 0 4 57 0 49 862 2 0 0 0 6 0 12 1066 109 6 969 5 0 0 0 0 0 4 0 13 1 2 0 1 0 0 28 0 1 0 17 0 0 113 0 0 0 0 0 161 14 60 7 2 205 9 4 0 5 0 3 3
13 0 4401 0 0 1 176 31 0 2 1 1 16 33 19 1239 1077 0 5 0 6857 12 0 165 0 35 1860 471 58 665 0 0 32 1924 0 8 16 0 0 0 0 0 7 0 0 0 0 0 0 348 1 0 0 0 14 13 512 8 0 0 307 0 0 1 0 0 0 4
10 40 9 787 49 56 70 19 1797 33 5 338 41 15 233 487 3 0 2 267 29 1066 165 0 127 10 592 2520 83 18 0 2 22 80 9 1 0 76 0 24 3 3 206 62 0 24 0 5 12 109 0 0 0 49 18 68 7 584 2 0 14 277 29 10 0 0 6 63
0 495 0 0 0 0 0 0 77 0 1 1 736 0 32 0 0 0 0 0 0 109 0 127 0 2 1196 0 4 0 2 1 0 0 0 12 0 0 0 0 0 0 1 0 1 0 162 0 0 0 0 0 0 0 0 5 0 1 136 6 113 0 0 0 16 0 0 11
8 11 1368 0 0 9 40 30 5 3 573 5 34 34 3 0 1096 444 983 0 0 6 35 10 2 0 4279 13 35 21 142 5 0 107 0 10 8 0 0 0 0 0 0 0 3 0 26 0 0 0 16 9 39 0 0 2 0 0 8 182 425 0 0 0 42 0 0 8
9 2159 3161 0 1 1 1 6 124 0 38 1 758 7 31 976 616 4 90 0 26 969 1860 592 1196 4279 0 33 48 10 473 1 0 833 0 205 160 1 0 0 0 0 12 0 5 0 128 0 0 362 70 7 84 0 2 74 366 20 171 459 4736 1 0 0 104 0 0 49
19 0 248 1246 14 455 5104 156 142 1189 5 373 42 117 107 77 19 0 4 876 1101 5 471 2520 0 13 33 0 479 787 0 7 83 500 2 0 0 13 0 40 2 3 119 9 0 7 2 0 29 30 0 0 0 19 9 11 3 458 0 0 3 89 3 6 0 0 1 28
1283 3 10 23 4 32 174 44 24 133 208 83 40 1390 28 0 164 64 76 35 73 0 58 83 4 35 48 479 0 1795 2 38 1048 1271 1 2 0 0 0 2 0 0 6 0 0 0 0 2 0 11 0 0 0 0 3 1 3 36 2 2 9 15 6 3 0 0 0 1
335 0 178 3 0 4 1793 102 1 10 4 3 3 391 3 4 315 1 24 0 3010 0 665 18 0 21 10 787 1795 0 0 0 414 550 0 0 0 0 0 0 0 0 0 0 0 0 0 0 0 12 0 0 0 0 2 3 3 10 0 0 0 9 2 1 0 0 0 1
0 0 0 0 0 0 0 3 0 0 218 0 150 0 0 0 0 0 0 0 0 0 0 0 2 142 473 0 2 0 0 2 0 6 0 0 0 0 0 0 0 0 0 0 4 0 89 0 0 0 0 1 0 0 0 0 0 0 16 32 70 0 0 0 64 0 0 1
0 0 0 0 48 21 2 300 13 2 151 14 158 40 17 0 0 2 0 2 0 0 0 2 1 5 1 7 38 0 2 0 0 325 0 0 0 0 0 0 0 0 0 0 0 0 0 0 0 0 0 0 0 0 0 0 0 0 0 0 0 0 0 0 0 1 0 2
1 0 0 0 0 0 6 0 2 0 0 0 0 0 1 0 7 0 1 0 104 0 32 22 0 0 0 83 1048 414 0 0 0 511 0 0 0 0 0 0 0 0 3 0 0 0 0 0 0 1 0 0 0 0 1 0 0 4 0 0 0 7 2 0 0 0 0 2
15 6 73 14 472 19 72 29 29 88 1128 75 386 49 20 19 1488 145 535 28 1586 4 1924 80 0 107 833 500 1271 550 6 325 511 0 2 11 9 1 0 4 1 0 10 0 1 0 1 1 7 34 5 0 1 0 3 2 22 66 2 18 229 40 6 3 0 1 1 19
0 0 0 0 0 1 0 0 1 0 0 0 0 0 2 0 0 0 0 0 0 0 0 9 0 0 0 2 1 0 0 0 0 2 0 0 1 3 0 4 741 64 1 32 3 5 0 785 0 0 7 3 11 1 1 1 1 9 0 8 1 34 1508 223 0 0 3 10
0 26 5 0 0 2 0 0 0 0 0 0 36 0 0 6 6 0 7 0 0 13 8 1 12 10 205 0 2 0 0 0 0 11 0 0 0 0 1 1 0 0 17 0 0 0 10 1 1 5 1 0 0 0 3 284 0 56 352 3 1680 1 0 1 2 0 0 1
0 0 24 0 0 0 0 0 0 0 0 0 0 0 0 1 9 0 1 0 0 1 16 0 0 8 160 0 0 0 0 0 0 9 1 0 0 0 0 9 403 71 0 14 0 0 0 27 0 2 378 0 5 0 22 0 2127 6 0 1557 2974 151 5 2 0 0 3 23
0 0 0 203 0 22 6 0 21 5 0 56 0 1 43 0 0 0 0 56 0 2 0 76 0 0 1 13 0 0 0 0 0 1 3 0 0 0 19 72 3 28 121 634 0 739 0 11 77 0 0 0 0 3264 0 4 0 520 0 0 3 1686 37 0 0 0 2 27
0 0 0 0 0 1 0 0 4 0 0 2 3 0 7 0 0 0 0 0 0 0 0 0 0 0 0 0 0 0 0 0 0 0 0 1 0 19 0 277 0 14 93 4 39 39 27 0 1070 0 0 0 0 9 0 6 0 129 0 0 0 20 0 0 0 164 0 121
0 0 0 2 3 11 2 0 3 12 0 83 21 0 15 0 0 0 0 11 0 1 0 24 0 0 0 40 2 0 0 0 0 4 4 1 9 72 277 0 146 3172 64 2540 33 2877 8 62 1003 1 0 22 4 63 0 4 1 136 1 8 2 663 27 1 2 4 0 129
0 0 0 1 0 2 0 0 3 0 0 0 5 0 0 0 0 0 0 2 0 0 0 3 0 0 0 2 0 0 0 0 0 1 741 0 403 3 0 146 0 895 2 1644 4 19 0 3094 9 3 296 1 15 2 56 3 520 61 0 257 34 4595 354 2156 0 0 24 98
0 0 0 0 1 7 0 0 2 0 0 4 12 0 5 0 0 0 0 0 0 0 0 3 0 0 0 3 0 0 0 0 0 0 64 0 71 28 14 3172 895 0 22 961 53 343 10 2355 159 0 28 19 5 27 0 0 9 37 0 100 4 106 69 6 0 27 1 63
0 1 0 38 2 12 10 4 199 52 1 22 11 3 22 20 0 0 0 38 4 28 7 206 1 0 12 119 6 0 0 0 3 10 1 17 0 121 93 64 2 22 0 64 9 173 6 17 241 0 0 5 12 68 0 578 0 1515 74 1 133 135 9 2 0 7 2 20
0 0 0 6 3 30 17 0 18 10 0 77 10 0 35 0 0 0 0 28 0 0 0 62 0 0 0 9 0 0 0 0 0 0 32 0 14 634 4 2540 1644 961 64 0 30 1397 2 453 37 0 1 2 3 466 0 4 2 59 0 10 0 2556 249 4 0 2 2 265
0 0 0 0 0 0 0 0 0 0 6 0 73 0 0 0 0 0 0 0 0 1 0 0 1 3 5 0 0 0 4 0 0 1 3 0 0 0 39 33 4 53 9 30 0 79 566 122 1 1 22 1121 234 18 2 0 5 6 28 525 2 10 452 22 44 270 0 1248
0 0 0 19 3 79 6 0 81 8 0 995 9 0 34 1 0 0 0 18 0 0 0 24 0 0 0 7 0 0 0 0 0 0 5 0 0 739 39 2877 19 343 173 1397 79 0 0 124 808 0 0 4 3 2060 0 6 0 504 0 0 3 395 106 0 1 0 0 161
0 9 0 0 0 0 0 0 3 0 139 0 997 0 4 0 0 0 1 1 0 17 0 0 162 26 128 2 0 0 89 0 0 1 0 10 0 0 27 8 0 10 6 2 566 0 0 13 5 0 0 1 0 1 0 5 0 11 517 39 679 0 61 0 446 216 0 232
0 0 0 0 0 0 0 0 2 0 0 1 4 0 1 0 0 0 0 0 0 0 0 5 0 0 0 0 2 0 0 0 0 1 785 1 27 11 0 62 3094 2355 17 453 122 124 13 0 9 1 54 16 18 25 0 1 6 23 0 96 7 130 1881 270 2 1 6 126
0 0 0 8 3 15 5 0 11 19 0 26 24 0 22 4 0 0 0 29 0 0 0 12 0 0 0 29 0 0 0 0 0 7 0 1 0 77 1070 1003 9 159 241 37 1 808 5 9 0 4 0 4 2 66 20 24 7 329 3 2 8 120 6 0 1 1 2 60
0 0 8 0 0 1 2 1 2 0 0 0 0 3 8 519 3 0 0 0 31 113 348 109 0 0 362 30 11 12 0 0 1 34 0 5 2 0 0 1 3 0 0 0 1 0 0 1 4 0 0 1 1 0 566 699 838 1182 1 0 868 397 2 1 0 0 0 23
0 1 11 0 0 0 0 0 0 0 0 0 0 0 0 0 4 0 2 0 0 0 1 0 0 16 70 0 0 0 0 0 0 5 7 1 378 0 0 0 296 28 0 1 22 0 0 54 0 0 0 2 1211 0 13 1 1559 1 0 980 635 26 27 292 0 0 5 1548
0 1 0 0 0 0 0 0 0 0 1 0 0 0 0 0 0 0 0 0 0 0 0 0 0 9 7 0 0 0 1 0 0 0 3 0 0 0 0 22 1 19 5 2 1121 4 1 16 4 1 2 0 374 0 2 3 0 1 0 242 5 1 14 6 2 10 0 107
0 2 0 0 0 0 0 0 0 0 0 0 0 0 0 0 5 0 6 0 0 0 0 0 0 39 84 0 0 0 0 0 0 1 11 0 5 0 0 4 15 5 12 3 234 3 0 18 2 1 1211 374 0 0 10 10 13 1 0 1003 289 5 33 126 0 3 0 987
0 0 0 98 1 23 6 0 21 17 0 64 6 0 30 0 0 0 0 32 0 0 0 49 0 0 0 19 0 0 0 0 0 0 1 0 0 3264 9 63 2 27 68 466 18 2060 1 25 66 0 0 0 0 0 0 2 0 168 0 0 0 296 30 1 0 0 0 38
0 0 2 0 0 0 0 0 1 0 0 0 0 0 1 31 0 0 0 0 6 0 14 18 0 0 2 9 3 2 0 0 1 3 1 3 22 0 0 0 56 0 0 0 2 0 0 0 20 566 13 2 10 0 0 3 6059 52 0 0 10 1007 27 1726 0 0 20 1275
1 5 2 3 1 0 0 1 34 2 0 2 7 3 2 40 0 0 0 1 6 161 13 68 5 2 74 11 1 3 0 0 0 2 1 284 0 4 6 4 3 0 578 4 0 6 5 1 24 699 1 3 10 2 3 0 3 1715 147 1 1002 28 1 1 0 0 0 5
0 0 1 0 0 1 0 0 0 0 0 0 0 0 3 290 0 0 0 0 9 14 512 7 0 0 366 3 3 3 0 0 0 22 1 0 2127 0 0 1 520 9 0 2 5 0 0 6 7 838 1559 0 13 0 6059 3 0 73 0 276 2281 848 20 448 0 0 21 1450
8 8 0 120 1 73 18 1 89 161 0 74 1 2 37 36 0 0 0 144 8 60 8 584 1 0 20 458 36 10 0 0 4 66 9 56 6 520 129 136 61 37 1515 59 6 504 11 23 329 1182 1 1 1 168 52 1715 73 0 108 2 581 1563 51 7 0 0 5 76
0 13 0 0 0 0 0 0 8 0 7 0 174 0 0 0 0 0 3 0 0 7 0 2 136 8 171 0 2 0 16 0 0 2 0 352 0 0 0 1 0 0 74 0 28 0 517 0 3 1 0 0 0 0 0 147 0 108 0 2 619 0 0 0 3 3 0 22
0 9 25 0 0 0 0 0 0 0 9 0 19 0 0 1 20 11 30 0 0 2 0 0 6 182 459 0 2 0 32 0 0 18 8 3 1557 0 0 8 257 100 1 10 525 0 39 96 2 0 980 242 1003 0 0 1 276 2 2 0 3096 14 7 43 196 11 0 36
2 130 184 0 0 0 0 0 2 0 22 0 147 1 1 128 111 4 63 0 2 205 307 14 113 425 4736 3 9 0 70 0 0 229 1 1680 2974 3 0 2 34 4 133 0 2 3 679 7 8 868 635 5 289 0 10 1002 2281 581 619 3096 0 118 0 4 58 0 0 370
2 0 0 27 0 77 14 0 25 7 0 33 4 0 73 5 0 0 0 34 1 9 0 277 0 0 1 89 15 9 0 0 7 40 34 1 151 1686 20 663 4595 106 135 2556 10 395 0 130 120 397 26 1 5 296 1007 28 848 1563 0 14 118 0 386 1552 0 1 93 437
0 0 0 0 0 1 0 0 7 0 0 0 1 0 4 1 0 0 0 0 1 4 0 29 0 0 0 3 6 2 0 0 2 6 1508 0 5 37 0 27 354 69 9 249 452 106 61 1881 6 2 27 14 33 30 27 1 20 51 0 7 0 386 0 1267 1 239 869 1785
0 0 0 0 0 1 0 0 4 0 0 0 0 0 1 1 0 0 0 0 0 0 1 10 0 0 0 6 3 1 0 0 0 3 223 1 2 0 0 1 2156 6 2 4 22 0 0 270 0 1 292 6 126 1 1726 1 448 7 0 43 4 1552 1267 0 0 0 218 766
0 3 0 0 0 0 0 0 0 0 25 0 77 0 0 0 0 0 4 0 0 5 0 0 16 42 104 0 0 0 64 0 0 0 0 2 0 0 0 2 0 0 0 0 44 1 446 2 1 0 0 2 0 0 0 0 0 0 3 196 58 0 1 0 0 2 0 4
0 0 0 0 0 0 0 2 0 0 0 0 6 0 0 0 0 0 0 0 0 0 0 0 0 0 0 0 0 0 0 1 0 1 0 0 0 0 164 4 0 27 7 2 270 0 216 1 1 0 0 10 3 0 0 0 0 0 3 11 0 1 239 0 2 0 0 508
0 0 0 0 0 0 0 1 0 0 0 0 0 1 1 0 0 0 0 0 0 3 0 6 0 0 0 1 0 0 0 0 0 1 3 0 3 2 0 0 24 1 2 2 0 0 0 6 2 0 5 0 0 0 20 0 21 5 0 0 0 93 869 218 0 0 0 433
2 2 6 2 2 17 1 3 6 9 0 7 138 1 27 6 2 0 1 10 3 3 4 63 11 8 49 28 1 1 1 2 2 19 10 1 23 27 121 129 98 63 20 265 1248 161 232 126 60 23 1548 107 987 38 1275 5 1450 76 22 36 370 437 1785 766 4 508 433 0
