0 2 17 0 0 6 340 50 0 9 4 0 0 1236 0 0 63 2 21 0 4 0 16 0 0 15 4 3 1450 204 0 1 33 43 0 0 0 0 0 0 2 1 1 0 0 1 0 0 0 0 0 0 0 1 1 0 0 5 0 0 0 1 0 0 0 0 1 0
2 0 1 0 1 2 0 0 39 0 3 0 189 10 1 4 2 0 5 0 6 349 2 95 772 35 2229 2 2 3 17 0 0 10 0 323 5 0 0 0 3 0 2 0 0 0 9 0 0 1 1 0 4 0 0 96 2 8 26 19 308 0 0 0 1 0 0 0
17 1 0 0 0 51 307 94 0 1 0 1 1 311 1 1 842 2 16 0 63 0 3679 2 0 3366 2920 63 8 44 0 0 1 37 0 4 91 0 0 0 0 0 0 0 0 0 0 0 0 3 5 0 1 0 1 1 7 0 0 13 225 0 1 0 0 0 0 1
0 0 0 0 3 6 0 0 65 282 0 654 2 0 41 0 0 0 0 2783 0 1 0 403 0 0 0 1358 5 0 0 0 0 6 0 0 0 83 0 0 0 0 16 2 0 62 0 0 8 0 0 0 0 84 0 0 0 99 1 0 0 15 0 0 0 0 0 1
0 1 0 3 0 230 0 9 24 5 6 19 79 0 791 0 0 0 0 0 1 0 5 6 0 0 0 6 0 1 0 74 0 203 0 0 0 0 0 1 0 0 0 0 0 1 0 0 2 0 0 0 0 0 0 0 0 2 0 0 1 0 0 0 0 0 0 1
6 2 51 6 230 0 195 2931 50 3032 41 1591 78 83 1854 0 5 25 30 12 5 2 20 10 0 36 1 402 62 1 1 35 4 37 0 0 0 6 0 37 0 12 2 0 0 76 0 4 9 1 0 0 0 5 0 0 0 8 0 0 0 4 0 0 0 3 0 5
340 0 307 0 0 195 0 570 14 1363 5 3 11 1879 30 0 40 0 4 0 134 2 429 32 0 31 35 3687 324 2002 0 4 29 147 0 1 0 1 0 0 0 1 4 1 0 2 1 0 0 1 0 0 0 1 0 4 0 21 0 0 0 11 0 0 0 0 0 1
50 0 94 0 9 2931 570 0 7 1422 7 80 10 2205 45 0 30 3 15 2 18 0 52 0 1 23 1 38 35 9 0 129 3 21 0 0 0 1 0 8 0 1 2 0 0 2 0 0 1 1 0 0 0 1 0 1 0 10 0 0 0 2 0 0 0 2 0 2
0 39 0 65 24 50 14 7 0 25 10 346 120 3 189 2 0 2 5 46 2 460 0 1475 122 16 239 180 9 1 2 20 1 15 0 2 0 10 1 6 1 0 166 10 0 25 1 0 5 4 0 0 0 15 0 25 0 83 2 0 3 31 1 0 0 0 0 2
9 0 1 282 5 3032 1363 1422 25 0 5 1107 58 333 95 0 2 1 4 550 0 1 0 39 0 0 0 1923 311 0 0 12 7 154 0 0 0 3 0 1 0 0 5 1 0 83 0 0 6 0 0 0 0 10 0 0 0 82 0 0 0 5 0 0 0 0 0 0
4 3 0 0 6 41 5 7 10 5 0 21 1031 36 8 0 54 1673 995 0 2 1 3 1 42 625 19 2 227 2 11 212 1 684 0 13 0 0 2 0 0 0 1 0 137 0 255 1 0 0 0 0 0 0 0 2 0 0 63 8 13 0 1 0 22 1 0 10
0 0 1 654 19 1591 3 80 346 1107 21 0 22 79 1224 0 2 3 13 1544 0 1 0 251 0 3 0 200 83 0 0 9 1 48 0 0 0 14 0 79 0 0 22 10 0 516 0 0 41 0 0 0 0 55 0 0 0 30 0 0 0 12 0 0 0 0 0 3
0 189 1 2 79 78 11 10 120 58 1031 22 0 9 52 0 1 29 0 6 2 90 1 27 1153 36 353 24 18 3 206 194 0 388 0 31 0 1 3 21 0 19 9 1 172 19 737 1 23 0 0 0 0 6 3 15 4 6 206 6 95 2 4 0 44 8 0 159
1236 10 311 0 0 83 1879 2205 3 333 36 79 9 0 3 0 274 30 49 5 8 0 159 0 1 105 12 46 1508 298 0 10 2 70 0 0 0 0 0 4 0 1 5 0 0 0 0 1 0 3 0 0 0 0 1 0 0 11 0 0 0 5 1 0 0 1 0 3
0 1 1 41 791 1854 30 45 189 95 8 1224 52 3 0 0 0 8 9 29 14 2 18 128 0 10 2 142 16 7 0 49 0 33 0 0 0 18 0 3 0 0 4 8 0 55 1 0 8 0 0 0 0 18 0 0 1 17 0 0 0 11 1 1 0 0 0 3
0 4 1 0 0 0 0 0 2 0 0 0 0 0 0 0 0 0 1 0 638 355 915 406 0 0 1804 218 0 0 0 0 0 5 0 0 0 0 0 0 0 0 0 0 0 0 0 0 0 426 0 0 1 0 26 21 314 33 0 0 38 11 1 0 0 0 0 0
63 2 842 0 0 5 40 30 0 2 54 2 1 274 0 0 0 18 1355 0 46 3 1439 2 0 461 300 6 168 261 0 0 17 1728 0 6 11 0 0 0 0 0 0 0 0 0 0 0 0 0 2 0 1 0 0 1 0 0 0 16 72 0 0 0 0 0 0 0
2 0 2 0 0 25 0 3 2 1 1673 3 29 30 8 0 18 0 496 1 1 0 1 0 0 743 10 0 75 0 1 57 1 79 0 0 0 0 0 0 0 0 0 0 2 0 19 0 0 0 0 0 0 0 0 0 0 0 0 19 28 0 0 0 5 0 0 0
21 5 16 0 0 30 4 15 5 4 995 13 0 49 9 1 1355 496 0 0 5 4 25 3 0 1640 109 4 198 21 0 8 7 799 0 7 3 0 0 0 0 0 0 0 0 0 2 0 1 0 1 0 0 0 0 0 0 0 4 21 96 0 0 0 0 0 0 0
0 0 0 2783 0 12 0 2 46 550 0 1544 6 5 29 0 0 1 0 0 0 0 0 173 0 0 0 217 10 0 0 0 0 5 0 0 0 10 0 0 0 0 6 5 0 42 0 0 9 0 0 0 0 23 0 0 0 68 0 0 0 8 0 0 0 0 0 0
4 6 63 0 1 5 134 18 2 0 2 0 2 8 14 638 46 1 5 0 0 18 6475 1 0 8 77 1954 40 2756 0 0 25 1063 0 0 0 0 0 0 0 0 0 0 0 0 0 0 0 133 1 0 0 0 47 8 10 37 0 0 3 9 0 10 0 0 0 1
0 349 0 1 0 2 2 0 460 1 1 1 90 0 2 355 3 0 4 0 18 0 16 822 134 7 612 64 2 2 6 1 1 9 0 19 2 0 0 0 0 0 41 1 0 0 3 0 0 71 1 0 0 0 4 201 14 78 10 1 48 22 1 0 1 0 0 1
16 2 3679 0 5 20 429 52 0 0 3 0 1 159 18 915 1439 1 25 0 6475 16 0 20 0 163 3345 440 21 648 0 0 2 1772 0 3 15 0 0 0 0 0 0 0 0 0 0 0 2 262 1 0 0 0 13 17 264 36 0 0 107 5 2 0 0 0 0 2
0 95 2 403 6 10 32 0 1475 39 1 251 27 0 128 406 2 0 3 173 1 822 20 0 41 12 929 1640 6 0 1 1 2 22 0 6 1 95 0 3 5 5 91 48 0 79 1 4 7 112 0 0 0 98 21 52 27 726 3 0 21 227 3 4 0 0 1 5
0 772 0 0 0 0 0 1 122 0 42 0 1153 1 0 0 0 0 0 0 0 134 0 41 0 8 1316 0 0 0 16 3 0 3 0 67 0 0 0 0 0 0 5 0 37 0 74 0 0 0 0 0 0 0 0 7 0 7 228 7 92 0 1 0 3 1 0 7
15 35 3366 0 0 36 31 23 16 0 625 3 36 105 10 0 461 743 1640 0 8 7 163 12 8 0 3177 10 55 15 128 7 2 110 0 51 18 0 0 0 0 0 0 0 25 0 219 0 0 0 19 2 30 0 0 1 1 0 22 253 723 0 0 0 42 0 0 7
4 2229 2920 0 0 1 35 1 239 0 19 0 353 12 2 1804 300 10 109 0 77 612 3345 929 1316 3177 0 375 14 15 174 0 2 547 0 212 222 0 0 0 0 0 3 0 5 0 63 0 1 534 50 1 19 0 4 164 437 26 48 269 3342 1 0 2 18 0 0 15
3 2 63 1358 6 402 3687 38 180 1923 2 200 24 46 142 218 6 0 4 217 1954 64 440 1640 0 10 375 0 121 837 0 3 18 284 3 1 1 42 0 2 5 1 33 2 0 77 0 4 5 146 0 0 0 31 82 30 11 539 0 0 9 119 7 34 0 0 2 5
1450 2 8 5 0 62 324 35 9 311 227 83 18 1508 16 0 168 75 198 10 40 2 21 6 0 55 14 121 0 754 3 62 1580 1163 0 0 0 0 0 4 1 1 2 0 0 0 1 1 4 9 0 0 0 0 2 1 0 8 1 0 1 3 0 0 0 0 0 2
204 3 44 0 1 1 2002 9 1 0 2 0 3 298 7 0 261 0 21 0 2756 2 648 0 0 15 15 837 754 0 0 0 96 508 0 0 1 0 0 0 1 0 0 0 0 0 0 0 0 7 0 0 0 0 25 0 1 27 0 0 0 20 3 1 0 0 0 0
0 17 0 0 0 1 0 0 2 0 11 0 206 0 0 0 0 1 0 0 0 6 0 1 16 128 174 0 3 0 0 1 0 3 0 3 0 0 0 0 0 0 0 0 15 0 171 0 0 0 0 0 0 0 0 0 0 0 9 25 100 0 0 0 40 0 0 1
1 0 0 0 74 35 4 129 20 12 212 9 194 10 49 0 0 57 8 0 0 1 0 1 3 7 0 3 62 0 1 0 0 273 0 0 0 0 0 19 0 11 0 0 0 0 0 4 0 0 0 0 0 0 0 0 0 0 0 0 0 0 2 0 0 3 0 10
33 0 1 0 0 4 29 3 1 7 1 1 0 2 0 0 17 1 7 0 25 1 2 2 0 2 2 18 1580 96 0 0 0 541 0 0 0 0 0 0 0 0 0 0 0 0 0 0 0 2 0 0 0 0 0 0 1 1 0 0 0 3 0 0 0 0 0 0
43 10 37 6 203 37 147 21 15 154 684 48 388 70 33 5 1728 79 799 5 1063 9 1772 22 3 110 547 284 1163 508 3 273 541 0 1 11 5 0 0 6 3 2 2 0 0 2 0 1 6 5 1 0 0 0 10 1 5 42 2 18 121 23 7 6 1 1 0 3
0 0 0 0 0 0 0 0 0 0 0 0 0 0 0 0 0 0 0 0 0 0 0 0 0 0 0 3 0 0 0 0 0 1 0 1 15 1 0 1 656 22 0 2 9 0 0 1361 0 0 65 0 21 0 2 0 3 0 0 89 13 3 1293 150 0 0 8 22
0 323 4 0 0 0 1 0 2 0 13 0 31 0 0 0 6 0 7 0 0 19 3 6 67 51 212 1 0 0 3 0 0 11 1 0 3 0 0 0 4 1 62 0 0 0 43 4 2 20 2 0 2 0 0 514 0 147 1015 3 1733 4 2 1 0 0 1 6
0 5 91 0 0 0 0 0 0 0 0 0 0 0 0 0 11 0 3 0 0 2 15 1 0 18 222 1 0 1 0 0 0 5 15 3 0 0 0 70 348 128 0 85 0 2 0 318 0 1 58 0 1 0 128 1 2335 2 0 1280 2397 33 4 8 0 0 1 5
0 0 0 83 0 6 1 1 10 3 0 14 1 0 18 0 0 0 0 10 0 0 0 95 0 0 0 42 0 0 0 0 0 0 1 0 0 0 1 14 2 0 42 492 0 581 1 0 41 0 0 0 0 3223 0 0 0 693 0 0 0 1319 9 0 0 0 1 15
0 0 0 0 0 0 0 0 1 0 2 0 3 0 0 0 0 0 0 0 0 0 0 0 0 0 0 0 0 0 0 0 0 0 0 0 0 1 0 518 0 3 41 0 11 17 11 0 744 0 0 0 0 0 0 1 0 6 3 0 0 0 0 0 0 237 0 135
0 0 0 0 1 37 0 8 6 1 0 79 21 4 3 0 0 0 0 0 0 0 0 3 0 0 0 2 4 0 0 19 0 6 1 0 70 14 518 0 69 2373 42 2471 37 2260 2 87 1636 0 0 7 1 10 3 6 8 31 1 22 5 389 28 0 1 71 4 93
2 3 0 0 0 0 0 0 1 0 0 0 0 0 0 0 0 0 0 0 0 0 0 5 0 0 0 5 1 1 0 0 0 3 656 4 348 2 0 69 0 156 0 869 9 2 1 1401 2 0 430 1 36 0 355 2 340 20 0 180 31 3130 124 2141 0 1 2 54
1 0 0 0 0 12 1 1 0 0 0 0 19 1 0 0 0 0 0 0 0 0 0 5 0 0 0 1 1 0 0 11 0 2 22 1 128 0 3 2373 156 0 21 777 17 77 0 2629 71 0 2 2 0 8 9 5 18 7 0 52 6 22 17 1 0 239 0 38
1 2 0 16 0 2 4 2 166 5 1 22 9 5 4 0 0 0 0 6 0 41 0 91 5 0 3 33 2 0 0 0 0 2 0 62 0 42 41 42 0 21 0 31 20 279 26 2 274 0 1 1 4 63 0 378 0 1814 184 5 112 101 2 0 0 2 0 21
0 0 0 2 0 0 1 0 10 1 0 10 1 0 8 0 0 0 0 5 0 1 0 48 0 0 0 2 0 0 0 0 0 0 2 0 85 492 0 2471 869 777 31 0 41 1114 4 453 80 3 0 0 4 542 35 3 35 127 0 5 4 2831 204 2 0 5 7 236
0 0 0 0 0 0 0 0 0 0 137 0 172 0 0 0 0 2 0 0 0 0 0 0 37 25 5 0 0 0 15 0 0 0 9 0 0 0 11 37 9 17 20 41 0 66 815 107 15 0 56 2047 425 2 9 1 15 6 70 527 26 3 366 16 27 277 1 1309
1 0 0 62 1 76 2 2 25 83 0 516 19 0 55 0 0 0 0 42 0 0 0 79 0 0 0 77 0 0 0 0 0 2 0 0 2 581 17 2260 2 77 279 1114 66 0 2 51 836 0 0 6 1 1742 1 3 1 464 0 8 2 380 84 0 0 1 1 103
0 9 0 0 0 0 1 0 1 0 255 0 737 0 1 0 0 19 2 0 0 3 0 1 74 219 63 0 1 0 171 0 0 0 0 43 0 1 11 2 1 0 26 4 815 2 0 5 7 0 0 0 0 0 0 5 2 11 908 81 610 0 23 1 451 73 0 88
0 0 0 0 0 4 0 0 0 0 1 0 1 1 0 0 0 0 0 0 0 0 0 4 0 0 0 4 1 0 0 4 0 1 1361 4 318 0 0 87 1401 2629 2 453 107 51 5 0 17 0 145 5 35 8 11 4 63 2 0 338 5 5 1287 56 1 31 0 133
0 0 0 8 2 9 0 1 5 6 0 41 23 0 8 0 0 0 1 9 0 0 2 7 0 0 1 5 4 0 0 0 0 6 0 2 0 41 744 1636 2 71 274 80 15 836 7 17 0 1 0 4 0 41 15 3 2 282 1 8 2 80 14 0 1 31 0 77
0 1 3 0 0 1 1 1 4 0 0 0 0 3 0 426 0 0 0 0 133 71 262 112 0 0 534 146 9 7 0 0 2 5 0 20 1 0 0 0 0 0 0 3 0 0 0 0 1 0 1 0 0 0 1119 1579 1202 1166 0 1 950 306 1 6 0 0 0 4
0 1 5 0 0 0 0 0 0 0 0 0 0 0 0 0 2 0 1 0 1 1 1 0 0 19 50 0 0 0 0 0 0 1 65 2 58 0 0 0 430 2 1 0 56 0 0 145 0 1 0 23 1260 0 47 1 755 0 0 970 176 16 37 134 0 0 1 682
0 0 0 0 0 0 0 0 0 0 0 0 0 0 0 0 0 0 0 0 0 0 0 0 0 2 1 0 0 0 0 0 0 0 0 0 0 0 0 7 1 2 1 0 2047 6 0 5 4 0 23 0 818 0 0 1 1 0 0 262 2 0 5 7 0 4 0 62
0 4 1 0 0 0 0 0 0 0 0 0 0 0 0 1 1 0 0 0 0 0 0 0 0 30 19 0 0 0 0 0 0 0 21 2 1 0 0 1 36 0 4 4 425 1 0 35 0 0 1260 818 0 0 10 1 30 1 0 1079 72 0 35 41 0 0 1 536
1 0 0 84 0 5 1 1 15 10 0 55 6 0 18 0 0 0 0 23 0 0 0 98 0 0 0 31 0 0 0 0 0 0 0 0 0 3223 0 10 0 8 63 542 2 1742 0 8 41 0 0 0 0 0 0 1 0 289 0 0 0 201 21 1 0 0 0 19
1 0 1 0 0 0 0 0 0 0 0 0 3 1 0 26 0 0 0 0 47 4 13 21 0 0 4 82 2 25 0 0 0 10 2 0 128 0 0 3 355 9 0 35 9 1 0 11 15 1119 47 0 10 0 0 39 6052 20 0 13 41 2064 19 2276 0 0 5 835
0 96 1 0 0 0 4 1 25 0 2 0 15 0 0 21 1 0 0 0 8 201 17 52 7 1 164 30 1 0 0 0 0 1 0 514 1 0 1 6 2 5 378 3 1 3 5 4 3 1579 1 1 1 1 39 0 75 1008 137 2 977 13 0 18 0 2 0 13
0 2 7 0 0 0 0 0 0 0 0 0 4 0 1 314 0 0 0 0 10 14 264 27 0 1 437 11 0 1 0 0 1 5 3 0 2335 0 0 8 340 18 0 35 15 1 2 63 2 1202 755 1 30 0 6052 75 0 22 0 444 1848 245 14 249 0 1 2 866
5 8 0 99 2 8 21 10 83 82 0 30 6 11 17 33 0 0 0 68 37 78 36 726 7 0 26 539 8 27 0 0 1 42 0 147 2 693 6 31 20 7 1814 127 6 464 11 2 282 1166 0 0 1 289 20 1008 22 0 142 3 589 2134 9 1 0 0 2 29
0 26 0 1 0 0 0 0 2 0 63 0 206 0 0 0 0 0 4 0 0 10 0 3 228 22 48 0 1 0 9 0 0 2 0 1015 0 0 3 1 0 0 184 0 70 0 908 0 1 0 0 0 0 0 0 137 0 142 0 2 913 0 1 0 2 42 0 50
0 19 13 0 0 0 0 0 0 0 8 0 6 0 0 0 16 19 21 0 0 1 0 0 7 253 269 0 0 0 25 0 0 18 89 3 1280 0 0 22 180 52 5 5 527 8 81 338 8 1 970 262 1079 0 13 2 444 3 2 0 2898 2 27 14 33 12 3 93
0 308 225 0 1 0 0 0 3 0 13 0 95 0 0 38 72 28 96 0 3 48 107 21 92 723 3342 9 1 0 100 0 0 121 13 1733 2397 0 0 5 31 6 112 4 26 2 610 5 2 950 176 2 72 0 41 977 1848 589 913 2898 0 262 5 9 33 3 1 167
1 0 0 15 0 4 11 2 31 5 0 12 2 5 11 11 0 0 0 8 9 22 5 227 0 0 1 119 3 20 0 0 3 23 3 4 33 1319 0 389 3130 22 101 2831 3 380 0 5 80 306 16 0 0 201 2064 13 245 2134 0 2 262 0 38 227 0 1 2 116
0 0 1 0 0 0 0 0 1 0 1 0 4 1 1 1 0 0 0 0 0 1 2 3 1 0 0 7 0 3 0 2 0 7 1293 2 4 9 0 28 124 17 2 204 366 84 23 1287 14 1 37 5 35 21 19 0 14 9 1 27 5 38 0 1070 1 82 958 1248
0 0 0 0 0 0 0 0 0 0 0 0 0 0 1 0 0 0 0 0 10 0 0 4 0 0 2 34 0 1 0 0 0 6 150 1 8 0 0 0 2141 1 0 2 16 0 1 56 0 6 134 7 41 1 2276 18 249 1 0 14 9 227 1070 0 0 0 200 761
0 1 0 0 0 0 0 0 0 0 22 0 44 0 0 0 0 5 0 0 0 1 0 0 3 42 18 0 0 0 40 0 0 1 0 0 0 0 0 1 0 0 0 0 27 0 451 1 1 0 0 0 0 0 0 0 0 0 2 33 33 0 1 0 0 3 0 6
0 0 0 0 0 3 0 2 0 0 1 0 8 1 0 0 0 0 0 0 0 0 0 0 1 0 0 0 0 0 0 3 0 1 0 0 0 0 237 71 1 239 2 5 277 1 73 31 31 0 0 4 0 0 0 2 1 0 42 12 3 1 82 0 3 0 0 487
1 0 0 0 0 0 0 0 0 0 0 0 0 0 0 0 0 0 0 0 0 0 0 1 0 0 0 2 0 0 0 0 0 0 8 1 1 1 0 4 2 0 0 7 1 1 0 0 0 0 1 0 1 0 5 0 2 2 0 3 1 2 958 200 0 0 0 307
0 0 1 1 1 5 1 2 2 0 10 3 159 3 3 0 0 0 0 0 1 1 2 5 7 7 15 5 2 0 1 10 0 3 22 6 5 15 135 93 54 38 21 236 1309 103 88 133 77 4 682 62 536 19 835 13 866 29 50 93 167 116 1248 761 6 487 307 0
