0 0 4 1 0 20 514 133 0 2 17 1 0 1577 0 0 121 7 29 0 4 0 19 2 0 20 5 13 972 932 0 0 7 23 0 0 0 0 0 0 0 0 0 0 0 0 0 0 0 0 0 0 0 0 0 0 0 3 0 0 0 1 0 0 0 0 0 0
0 0 1 1 0 0 1 0 28 0 8 0 273 0 0 5 1 2 1 0 0 347 0 111 393 5 1923 8 0 1 2 3 0 13 0 114 6 1 0 0 0 0 0 0 1 0 8 0 1 5 3 0 0 0 0 22 0 6 23 9 426 0 0 0 0 0 0 0
4 1 0 0 2 3 189 7 1 3 2 0 0 9 3 0 1538 5 59 0 155 0 4976 1 1 2526 4762 268 2 27 0 1 0 204 0 2 69 0 0 0 0 0 0 0 0 0 0 0 0 3 9 0 1 0 0 2 10 0 0 6 366 0 0 0 0 0 0 2
1 1 0 0 26 41 2 4 152 1258 0 950 0 7 50 0 0 0 0 3360 0 1 0 1104 0 0 0 2406 13 0 0 0 0 35 0 0 0 207 0 1 0 0 58 1 0 180 0 0 5 0 0 0 0 29 0 0 0 58 0 0 0 4 0 0 0 0 0 0
0 0 2 26 0 268 1 48 102 8 34 100 13 6 1210 1 0 0 0 14 9 8 27 29 0 0 4 20 5 0 0 214 0 316 0 0 0 0 5 4 0 2 0 1 1 0 2 0 2 0 0 0 0 0 0 0 0 1 0 0 1 0 0 0 0 0 0 2
20 0 3 41 268 0 587 3418 62 3415 40 4655 3 105 647 0 17 5 5 52 1 0 13 43 0 15 4 183 52 12 2 196 3 64 0 0 0 0 1 8 0 0 3 1 1 10 0 0 8 0 0 0 0 0 0 1 0 101 0 0 0 7 1 0 0 0 0 2
514 1 189 2 1 587 0 494 6 3363 1 18 0 2376 27 0 265 0 9 3 92 1 208 45 0 86 22 5522 414 2025 0 0 23 188 0 0 0 0 0 0 0 0 2 0 1 0 0 0 2 0 0 0 0 0 0 1 0 3 0 0 0 1 0 0 0 0 0 0
133 0 7 4 48 3418 494 0 22 1131 35 541 0 3047 76 0 153 5 15 9 4 0 54 5 1 15 1 36 79 149 3 216 3 64 0 0 0 0 6 3 0 2 1 0 1 0 0 0 1 0 0 0 0 0 0 0 0 0 0 0 0 0 0 0 0 2 0 1
0 28 1 152 102 62 6 22 0 97 7 542 22 9 464 4 3 0 0 116 0 359 1 2709 51 4 296 251 24 0 0 31 0 42 0 1 0 72 7 7 1 0 167 106 0 26 3 1 4 6 0 0 0 45 0 18 1 178 0 0 8 91 4 1 0 1 0 3
2 0 3 1258 8 3415 3363 1131 97 0 5 1405 2 342 61 0 4 0 0 865 0 0 2 99 0 4 0 1579 231 1 0 0 0 221 0 0 0 0 6 0 0 0 63 0 0 41 0 0 5 0 0 0 0 0 0 0 0 99 0 0 0 0 0 0 0 0 0 0
17 8 2 0 34 40 1 35 7 5 0 50 561 30 50 0 86 1789 615 7 1 5 4 3 40 1370 41 5 89 16 107 357 2 1401 0 1 1 0 6 3 0 0 3 0 65 4 165 0 4 0 0 0 2 0 0 0 0 1 31 46 99 0 2 0 14 12 0 5
1 0 0 950 100 4655 18 541 542 1405 50 0 5 68 915 0 0 2 1 1947 0 1 0 761 0 2 0 565 97 0 0 4 0 237 0 0 0 33 1 312 1 5 36 54 0 515 2 0 20 0 0 0 0 17 0 0 0 20 0 0 0 29 0 0 0 0 0 0
0 273 0 0 13 3 0 0 22 2 561 5 0 2 9 0 0 1 0 1 0 121 1 41 1385 17 815 2 2 0 488 47 0 131 0 17 0 0 16 0 0 0 1 0 115 0 926 0 3 1 0 0 1 0 0 4 0 0 148 94 389 0 7 0 49 11 0 16
1577 0 9 7 6 105 2376 3047 9 342 30 68 2 0 13 0 296 2 21 11 18 0 90 5 0 40 12 59 1673 952 0 20 7 89 0 0 0 0 0 1 0 0 0 0 0 0 1 0 0 0 0 0 0 0 0 0 0 0 0 0 0 0 0 0 0 2 0 0
0 0 3 50 1210 647 27 76 464 61 50 915 9 13 0 2 3 1 0 63 35 18 11 224 0 6 29 168 10 6 3 47 0 47 0 0 0 7 6 9 0 1 4 19 11 14 5 2 6 0 0 0 0 7 0 0 0 14 0 2 0 11 1 0 0 3 0 3
0 5 0 0 1 0 0 0 4 0 0 0 0 0 2 0 0 0 0 0 756 619 663 826 0 0 1093 161 0 0 0 0 0 4 0 0 1 0 0 0 0 0 0 0 0 0 0 0 0 1027 1 0 0 0 65 77 411 103 0 0 160 35 0 1 0 0 0 0
121 1 1538 0 0 17 265 153 3 4 86 0 0 296 3 0 0 71 2300 0 68 2 2464 7 0 864 757 101 41 322 0 3 2 1425 0 4 26 0 0 0 0 0 0 0 0 0 0 0 0 1 4 0 2 0 0 7 0 0 0 8 179 0 0 0 0 0 0 3
7 2 5 0 0 5 0 5 0 0 1789 2 1 2 1 0 71 0 1012 0 0 0 0 0 0 821 42 0 22 9 4 9 0 74 0 1 4 0 0 0 0 0 0 0 0 0 0 0 0 0 0 0 0 0 0 0 0 0 1 7 23 0 0 0 0 0 0 0
29 1 59 0 0 5 9 15 0 0 615 1 0 21 0 0 2300 1012 0 1 3 0 20 0 0 1626 183 3 67 82 0 4 2 612 0 2 9 0 0 0 0 0 0 0 1 0 0 0 0 0 1 0 1 0 0 1 0 0 1 26 109 0 0 0 0 0 0 1
0 0 0 3360 14 52 3 9 116 865 7 1947 1 11 63 0 0 0 1 0 0 0 0 194 0 0 0 546 23 0 0 3 0 54 0 0 0 116 0 10 0 0 40 19 0 33 1 0 14 0 0 0 0 32 0 0 0 136 0 0 0 38 0 0 0 0 0 0
4 0 155 0 9 1 92 4 0 0 1 0 0 18 35 756 68 0 3 0 0 2 8444 7 0 25 169 2898 33 3367 0 21 44 1366 0 1 0 0 0 0 0 0 0 0 0 0 0 0 0 58 0 0 0 0 6 7 7 16 0 0 3 4 0 3 0 0 0 5
0 347 0 1 8 0 1 0 359 0 5 1 121 0 18 619 2 0 0 0 2 0 2 1187 68 7 996 13 3 1 0 0 0 8 0 15 2 1 0 0 0 0 17 0 0 1 0 0 0 44 2 0 1 0 12 169 0 108 2 0 60 28 2 0 0 0 0 0
19 0 4976 0 27 13 208 54 1 2 4 0 1 90 11 663 2464 0 20 0 8444 2 0 7 0 150 3686 299 19 666 0 8 3 1602 0 0 23 0 0 0 0 0 0 0 0 0 0 0 0 187 1 0 0 0 9 5 172 7 0 0 249 4 0 0 0 0 0 0
2 111 1 1104 29 43 45 5 2709 99 3 761 41 5 224 826 7 0 0 194 7 1187 7 0 117 7 1201 3049 37 8 0 0 9 63 1 7 0 118 0 40 0 0 121 87 0 38 0 0 31 131 0 0 0 35 23 83 17 1243 1 0 27 298 14 14 0 0 5 50
0 393 1 0 0 0 0 1 51 0 40 0 1385 0 0 0 0 0 0 0 0 68 0 117 0 4 1423 0 2 0 3 4 0 12 0 26 1 0 4 0 0 0 1 0 15 0 82 1 0 1 0 0 0 0 0 4 0 2 122 37 215 0 1 0 0 4 0 5
20 5 2526 0 0 15 86 15 4 4 1370 2 17 40 6 0 864 821 1626 0 25 7 150 7 4 0 4381 43 74 39 429 27 2 446 0 19 70 0 0 0 0 0 0 0 0 0 18 0 0 2 24 0 16 0 0 6 0 0 8 244 870 0 0 0 1 0 0 8
5 1923 4762 0 4 4 22 1 296 0 41 0 815 12 29 1093 757 42 183 0 169 996 3686 1201 1423 4381 0 381 62 22 717 5 2 870 0 229 352 1 0 0 0 0 20 0 4 1 202 0 2 918 57 3 26 0 2 174 265 62 130 428 7516 8 0 0 18 0 0 42
13 8 268 2406 20 183 5522 36 251 1579 5 565 2 59 168 161 101 0 3 546 2898 13 299 3049 0 43 381 0 487 1585 0 3 111 487 1 0 0 5 0 4 0 0 85 0 0 40 0 0 11 64 0 0 0 9 10 21 1 450 0 0 1 38 2 7 0 0 2 23
972 0 2 13 5 52 414 79 24 231 89 97 2 1673 10 0 41 22 67 23 33 3 19 37 2 74 62 487 0 1389 1 182 1375 781 0 0 0 0 0 3 0 0 4 0 1 0 3 1 0 1 0 0 0 0 0 0 0 14 0 2 2 6 1 0 1 1 0 4
932 1 27 0 0 12 2025 149 0 1 16 0 0 952 6 0 322 9 82 0 3367 1 666 8 0 39 22 1585 1389 0 0 5 320 1040 0 0 0 0 0 0 0 0 0 0 0 0 0 0 0 3 0 0 0 0 0 1 0 14 0 0 0 4 0 2 0 0 0 0
0 2 0 0 0 2 0 3 0 0 107 0 488 0 3 0 0 4 0 0 0 0 0 0 3 429 717 0 1 0 0 3 0 21 0 4 0 0 0 0 0 0 0 0 4 0 91 0 0 0 1 0 2 0 0 0 0 0 9 97 151 0 0 0 13 0 0 0
0 3 1 0 214 196 0 216 31 0 357 4 47 20 47 0 3 9 4 3 21 0 8 0 4 27 5 3 182 5 3 0 2 697 0 0 0 0 1 1 0 0 1 0 8 0 15 0 0 0 0 0 0 0 0 0 0 0 3 3 2 0 0 0 2 1 0 2
7 0 0 0 0 3 23 3 0 0 2 0 0 7 0 0 2 0 2 0 44 0 3 9 0 2 2 111 1375 320 0 2 0 354 0 0 0 0 0 0 0 0 0 0 0 0 0 0 0 0 0 0 0 0 1 0 0 1 0 0 0 2 0 1 0 0 0 0
23 13 204 35 316 64 188 64 42 221 1401 237 131 89 47 4 1425 74 612 54 1366 8 1602 63 12 446 870 487 781 1040 21 697 354 0 0 4 12 0 0 2 0 1 6 0 4 2 24 1 5 7 6 0 2 1 7 7 2 58 8 36 310 22 4 4 3 1 0 4
0 0 0 0 0 0 0 0 0 0 0 0 0 0 0 0 0 0 0 0 0 0 0 1 0 0 0 1 0 0 0 0 0 0 0 0 0 0 0 3 524 27 0 11 10 5 0 948 0 0 0 2 2 0 1 0 1 1 0 1 1 15 1237 353 0 0 2 29
0 114 2 0 0 0 0 0 1 0 1 0 17 0 0 0 4 1 2 0 1 15 0 7 26 19 229 0 0 0 4 0 0 4 0 0 2 0 2 0 0 0 22 0 3 0 42 0 5 3 4 0 2 0 0 147 0 71 444 1 895 1 0 1 0 0 0 1
0 6 69 0 0 0 0 0 0 0 1 0 0 0 0 1 26 4 9 0 0 2 23 0 1 70 352 0 0 0 0 0 0 12 0 2 0 0 0 1 425 18 0 1 1 0 0 4 0 0 1750 0 15 0 78 0 1458 10 0 2590 4325 233 1 7 0 0 1 54
0 1 0 207 0 0 0 0 72 0 0 33 0 0 7 0 0 0 0 116 0 1 0 118 0 0 1 5 0 0 0 0 0 0 0 0 0 0 11 77 0 5 216 1924 3 1134 0 5 41 0 0 0 0 5081 0 1 0 673 0 0 1 2642 13 0 0 1 0 43
0 0 0 0 5 1 0 6 7 6 6 1 16 0 6 0 0 0 0 0 0 0 0 0 4 0 0 0 0 0 0 1 0 0 0 2 0 11 0 300 0 20 74 6 109 28 80 2 792 0 0 1 0 3 7 10 12 30 6 1 1 15 1 0 3 40 0 382
0 0 0 1 4 8 0 3 7 0 3 312 0 1 9 0 0 0 0 10 0 0 0 40 0 0 0 4 3 0 0 1 0 2 3 0 1 77 300 0 403 4230 101 3828 33 3969 3 21 1385 0 4 12 6 53 1 22 5 73 0 8 1 622 59 2 4 195 0 96
0 0 0 0 0 0 0 0 1 0 0 1 0 0 0 0 0 0 0 0 0 0 0 0 0 0 0 0 0 0 0 0 0 0 524 0 425 0 0 403 0 1773 1 1672 20 14 1 3679 28 0 404 0 23 1 97 0 684 48 0 67 16 4850 261 1944 0 0 15 230
0 0 0 0 2 0 0 2 0 0 0 5 0 0 1 0 0 0 0 0 0 0 0 0 0 0 0 0 0 0 0 0 0 1 27 0 18 5 20 4230 1773 0 12 1366 25 520 0 2562 102 0 22 2 1 14 4 0 8 14 0 7 1 90 71 82 1 344 3 154
0 0 0 58 0 3 2 1 167 63 3 36 1 0 4 0 0 0 0 40 0 17 0 121 1 0 20 85 4 0 0 1 0 6 0 22 0 216 74 101 1 12 0 159 7 390 17 7 404 3 0 0 0 115 0 231 0 3016 51 0 174 256 9 1 0 23 0 23
0 0 0 1 1 1 0 0 106 0 0 54 0 0 19 0 0 0 0 19 0 0 0 87 0 0 0 0 0 0 0 0 0 0 11 0 1 1924 6 3828 1672 1366 159 0 28 1888 0 677 51 0 0 1 0 2400 0 0 0 91 0 0 1 3602 343 2 0 2 1 280
0 1 0 0 1 1 1 1 0 0 65 0 115 0 11 0 0 0 1 0 0 0 0 0 15 0 4 0 1 0 4 8 0 4 10 3 1 3 109 33 20 25 7 28 0 96 747 138 33 0 112 1634 773 10 3 2 16 18 53 579 36 31 567 23 212 259 1 1636
0 0 0 180 0 10 0 0 26 41 4 515 0 0 14 0 0 0 0 33 0 1 0 38 0 0 1 40 0 0 0 0 0 2 5 0 0 1134 28 3969 14 520 390 1888 96 0 0 95 276 0 0 10 17 2539 0 3 0 1005 0 8 4 852 148 2 0 17 2 231
0 8 0 0 2 0 0 0 3 0 165 2 926 1 5 0 0 0 0 1 0 0 0 0 82 18 202 0 3 0 91 15 0 24 0 42 0 0 80 3 1 0 17 0 747 0 0 1 17 0 2 0 0 1 0 73 0 11 603 43 834 2 32 1 574 108 0 126
0 0 0 0 0 0 0 0 1 0 0 0 0 0 2 0 0 0 0 0 0 0 0 0 1 0 0 0 1 0 0 0 0 1 948 0 4 5 2 21 3679 2562 7 677 138 95 1 0 15 0 15 10 9 24 1 0 4 7 0 58 16 34 2217 338 6 33 2 171
0 1 0 5 2 8 2 1 4 5 4 20 3 0 6 0 0 0 0 14 0 0 0 31 0 0 2 11 0 0 0 0 0 5 0 5 0 41 792 1385 28 102 404 51 33 276 17 15 0 3 0 2 2 24 28 24 11 201 0 7 37 204 14 11 0 49 0 28
0 5 3 0 0 0 0 0 6 0 0 0 1 0 0 1027 1 0 0 0 58 44 187 131 1 2 918 64 1 3 0 0 0 7 0 3 0 0 0 0 0 0 3 0 0 0 0 0 3 0 1 0 0 0 1120 739 1047 1392 0 0 1301 216 1 4 0 0 0 5
0 3 9 0 0 0 0 0 0 0 0 0 0 0 0 1 4 0 1 0 0 2 1 0 0 24 57 0 0 0 1 0 0 6 0 4 1750 0 0 4 404 22 0 0 112 0 2 15 0 1 0 13 2121 0 32 0 1844 1 0 374 751 69 6 68 0 0 0 1049
0 0 0 0 0 0 0 0 0 0 0 0 0 0 0 0 0 0 0 0 0 0 0 0 0 0 3 0 0 0 0 0 0 0 2 0 0 0 1 12 0 2 0 1 1634 10 0 10 2 0 13 0 637 0 0 0 0 0 0 426 6 0 24 0 12 6 0 77
0 0 1 0 0 0 0 0 0 0 2 0 1 0 0 0 2 0 1 0 0 1 0 0 0 16 26 0 0 0 2 0 0 2 2 2 15 0 0 6 23 1 0 0 773 17 0 9 2 0 2121 637 0 1 5 0 13 4 0 1939 130 5 5 31 1 1 0 851
0 0 0 29 0 0 0 0 45 0 0 17 0 0 7 0 0 0 0 32 0 0 0 35 0 0 0 9 0 0 0 0 0 1 0 0 0 5081 3 53 1 14 115 2400 10 2539 1 24 24 0 0 0 1 0 0 0 0 123 0 0 0 754 44 0 0 1 0 51
0 0 0 0 0 0 0 0 0 0 0 0 0 0 0 65 0 0 0 0 6 12 9 23 0 0 2 10 0 0 0 0 1 7 1 0 78 0 7 1 97 4 0 0 3 0 0 1 28 1120 32 0 5 0 0 3 6477 12 0 6 271 1706 45 3193 0 3 4 1231
0 22 2 0 0 1 1 0 18 0 0 0 4 0 0 77 7 0 1 0 7 169 5 83 4 6 174 21 0 1 0 0 0 7 0 147 0 1 10 22 0 0 231 0 2 3 73 0 24 739 0 0 0 0 3 0 0 757 204 2 921 10 0 0 0 4 0 4
0 0 10 0 0 0 0 0 1 0 0 0 0 0 0 411 0 0 0 0 7 0 172 17 0 0 265 1 0 0 0 0 0 2 1 0 1458 0 12 5 684 8 0 0 16 0 0 4 11 1047 1844 0 13 0 6477 0 0 4 0 81 3834 482 4 313 0 0 0 1250
3 6 0 58 1 101 3 0 178 99 1 20 0 0 14 103 0 0 0 136 16 108 7 1243 2 0 62 450 14 14 0 0 1 58 1 71 10 673 30 73 48 14 3016 91 18 1005 11 7 201 1392 1 0 4 123 12 757 4 0 133 1 1136 2847 81 14 0 7 29 117
0 23 0 0 0 0 0 0 0 0 31 0 148 0 0 0 0 1 1 0 0 2 0 1 122 8 130 0 0 0 9 3 0 8 0 444 0 0 6 0 0 0 51 0 53 0 603 0 0 0 0 0 0 0 0 204 0 133 0 4 747 0 1 0 0 6 0 11
0 9 6 0 0 0 0 0 0 0 46 0 94 0 2 0 8 7 26 0 0 0 0 0 37 244 428 0 2 0 97 3 0 36 1 1 2590 0 1 8 67 7 0 0 579 8 43 58 7 0 374 426 1939 0 6 2 81 1 4 0 2777 9 53 8 217 21 0 193
0 426 366 0 1 0 0 0 8 0 99 0 389 0 0 160 179 23 109 0 3 60 249 27 215 870 7516 1 2 0 151 2 0 310 1 895 4325 1 1 1 16 1 174 1 36 4 834 16 37 1301 751 6 130 0 271 921 3834 1136 747 2777 0 247 28 5 198 3 2 615
1 0 0 4 0 7 1 0 91 0 0 29 0 0 11 35 0 0 0 38 4 28 4 298 0 0 8 38 6 4 0 0 2 22 15 1 233 2642 15 622 4850 90 256 3602 31 852 2 34 204 216 69 0 5 754 1706 10 482 2847 0 9 247 0 412 1484 0 2 52 606
0 0 0 0 0 1 0 0 4 0 2 0 7 0 1 0 0 0 0 0 0 2 0 14 1 0 0 2 1 0 0 0 0 4 1237 0 1 13 1 59 261 71 9 343 567 148 32 2217 14 1 6 24 5 44 45 0 4 81 1 53 28 412 0 1450 17 178 1447 1293
0 0 0 0 0 0 0 0 1 0 0 0 0 0 0 1 0 0 0 0 3 0 0 14 0 0 0 7 0 2 0 0 1 4 353 1 7 0 0 2 1944 82 1 2 23 2 1 338 11 4 68 0 31 0 3193 0 313 14 0 8 5 1484 1450 0 0 3 240 1344
0 0 0 0 0 0 0 0 0 0 14 0 49 0 0 0 0 0 0 0 0 0 0 0 0 1 18 0 1 0 13 2 0 3 0 0 0 0 3 4 0 1 0 0 212 0 574 6 0 0 0 12 1 0 0 0 0 0 0 217 198 0 17 0 0 12 0 17
0 0 0 0 0 0 0 2 1 0 12 0 11 2 3 0 0 0 0 0 0 0 0 0 4 0 0 0 1 0 0 1 0 1 0 0 0 1 40 195 0 344 23 2 259 17 108 33 49 0 0 6 1 1 3 4 0 7 6 21 3 2 178 3 12 0 0 379
0 0 0 0 0 0 0 0 0 0 0 0 0 0 0 0 0 0 0 0 0 0 0 5 0 0 0 2 0 0 0 0 0 0 2 0 1 0 0 0 15 3 0 1 1 2 0 2 0 0 0 0 0 0 4 0 0 29 0 0 2 52 1447 240 0 0 0 225
0 0 2 0 2 2 0 1 3 0 5 0 16 0 3 0 3 0 1 0 5 0 0 50 5 8 42 23 4 0 0 2 0 4 29 1 54 43 382 96 230 154 23 280 1636 231 126 171 28 5 1049 77 851 51 1231 4 1250 117 11 193 615 606 1293 1344 17 379 225 0
