0 0 52 0 0 5 629 147 2 25 8 2 0 2027 0 0 45 1 6 1 5 0 46 1 0 15 33 19 820 289 0 0 8 12 0 2 0 1 0 0 0 0 0 0 0 0 0 0 0 0 0 0 0 0 0 0 0 4 0 0 0 1 0 0 0 0 0 0
0 0 4 0 1 0 0 0 31 0 16 1 131 0 6 2 12 2 8 0 0 350 2 107 645 9 1486 2 1 0 0 0 0 10 0 260 2 0 0 0 0 0 0 0 3 0 9 0 0 0 1 0 1 0 0 6 2 0 23 16 154 0 0 1 1 0 0 5
52 4 0 0 0 12 101 287 0 14 0 0 0 148 0 1 892 0 4 0 19 0 3216 0 0 1291 3250 8 15 91 0 0 0 32 0 3 18 0 0 0 0 0 0 0 0 0 0 0 0 0 2 0 1 0 0 0 2 0 0 11 108 0 0 0 0 0 0 2
0 0 0 0 3 19 3 9 67 767 0 738 10 5 16 0 0 0 0 2629 0 0 0 869 2 0 2 1945 14 0 0 0 0 16 0 0 0 85 0 1 0 0 20 0 0 41 0 0 15 0 0 0 0 32 0 0 0 213 0 0 0 12 0 0 0 0 0 1
0 1 0 3 0 279 0 1 144 5 61 27 79 1 877 3 0 1 0 10 7 7 30 30 0 0 4 8 1 0 0 149 0 456 0 0 0 0 0 6 0 1 6 0 0 11 0 0 4 0 0 0 0 2 0 0 0 0 0 0 0 0 0 0 0 0 0 0
5 0 12 19 279 0 99 2581 140 2999 79 2969 94 84 933 0 2 1 0 34 3 0 10 16 0 3 5 215 90 2 0 290 1 65 0 0 0 9 6 4 1 1 3 0 2 27 0 0 4 0 0 0 0 11 0 0 0 11 0 0 0 14 1 0 0 1 0 5
629 0 101 3 0 99 0 1008 2 1216 10 5 1 1244 3 0 6 0 1 1 110 1 250 28 0 4 43 5193 45 1121 0 0 2 28 0 0 0 0 0 0 0 0 2 0 0 0 0 0 0 0 0 0 0 0 0 0 0 0 0 0 0 0 0 0 0 0 0 0
147 0 287 9 1 2581 1008 0 25 1521 11 79 10 2968 13 0 84 2 3 8 44 0 178 5 0 43 12 69 50 137 0 30 0 12 0 1 0 0 0 0 0 0 2 0 0 0 0 1 1 0 0 0 0 0 0 0 0 1 0 0 0 0 0 0 0 0 0 1
2 31 0 67 144 140 2 25 0 17 32 380 52 20 519 1 0 1 0 109 2 414 0 1965 34 3 96 51 30 3 0 5 8 19 1 0 0 21 4 6 0 0 128 16 1 47 1 1 6 3 0 0 0 18 0 17 0 102 0 0 4 77 1 0 0 0 0 4
25 0 14 767 5 2999 1216 1521 17 0 41 961 79 626 62 0 1 0 7 755 2 0 9 60 0 2 2 1649 186 3 0 0 3 237 0 0 0 1 0 1 1 0 19 0 0 24 2 0 6 0 0 0 0 0 0 0 0 147 0 0 0 0 0 0 0 0 0 0
8 16 0 0 61 79 10 11 32 41 0 127 779 41 18 0 51 1163 327 5 3 11 2 14 47 1238 77 3 195 2 54 135 1 1084 0 4 0 0 0 0 0 0 1 0 56 0 139 0 0 0 0 0 0 0 0 0 0 0 51 6 19 0 0 0 14 1 0 2
2 1 0 738 27 2969 5 79 380 961 127 0 91 125 558 0 0 1 2 2188 0 1 0 345 1 2 4 146 86 0 0 1 1 176 0 0 0 62 0 64 0 0 21 30 0 816 1 0 10 0 0 0 0 30 0 0 0 34 0 0 0 78 0 0 0 0 0 0
0 131 0 10 79 94 1 10 52 79 779 91 0 1 63 1 0 6 1 8 2 56 3 42 666 134 496 36 35 0 155 60 0 520 0 14 0 4 11 5 2 1 6 3 91 9 453 4 17 0 0 0 0 4 0 10 0 11 220 2 12 13 4 1 18 9 0 75
2027 0 148 5 1 84 1244 2968 20 626 41 125 1 0 9 0 137 9 14 20 16 0 91 22 0 46 23 76 1986 466 0 148 2 39 0 0 0 0 0 0 0 0 3 0 0 0 0 0 0 0 0 0 0 0 0 0 0 1 0 0 0 0 0 0 0 1 0 0
0 6 0 16 877 933 3 13 519 62 18 558 63 9 0 9 0 0 0 20 37 36 15 155 5 1 21 86 33 2 0 3 4 18 0 0 0 27 4 4 1 0 8 18 0 32 2 0 6 4 0 0 0 14 1 1 0 32 0 0 0 74 0 0 0 0 0 3
0 2 1 0 3 0 0 0 1 0 0 0 1 0 9 0 2 0 0 0 472 674 811 892 5 0 984 124 0 1 0 0 0 11 0 1 0 0 0 0 0 0 0 0 0 0 0 0 0 840 0 0 0 0 19 167 454 63 0 0 95 10 0 8 0 0 1 4
45 12 892 0 0 2 6 84 0 1 51 0 0 137 0 2 0 28 1596 0 29 2 1622 5 0 885 934 6 167 294 0 0 21 1565 0 9 25 0 0 0 0 0 0 0 0 0 1 0 0 0 2 0 1 0 0 1 2 0 1 41 166 0 0 0 0 0 0 7
1 2 0 0 1 1 0 2 1 0 1163 1 6 9 0 0 28 0 697 0 0 0 0 1 0 985 32 0 6 1 1 0 0 58 0 0 0 0 0 0 0 0 0 0 0 0 12 0 0 0 0 0 0 0 0 0 0 0 3 12 29 0 0 0 4 0 0 0
6 8 4 0 0 0 1 3 0 7 327 2 1 14 0 0 1596 697 0 0 4 1 5 7 0 1388 157 0 12 5 0 2 1 331 0 6 3 0 0 0 0 0 0 0 0 0 3 0 0 0 1 0 1 0 0 0 0 0 0 22 76 0 0 0 2 0 0 1
1 0 0 2629 10 34 1 8 109 755 5 2188 8 20 20 0 0 0 0 0 0 0 0 77 0 0 0 257 20 0 0 0 0 17 0 0 0 44 0 1 0 0 12 1 0 32 0 0 12 0 0 0 0 30 0 0 0 75 0 0 0 31 0 0 0 0 0 0
5 0 19 0 7 3 110 44 2 2 3 0 2 16 37 472 29 0 4 0 0 0 5949 4 0 0 22 919 43 3190 0 1 10 1239 0 0 0 0 0 0 0 0 0 0 0 0 0 0 0 15 0 0 0 0 1 1 1 5 0 0 1 1 0 4 0 0 0 2
0 350 0 0 7 0 1 0 414 0 11 1 56 0 36 674 2 0 1 0 0 0 1 1052 73 1 666 7 3 1 1 0 0 6 0 10 1 0 0 0 0 0 6 0 0 0 0 0 0 105 0 0 0 0 4 233 20 65 1 2 61 3 1 2 0 0 0 1
46 2 3216 0 30 10 250 178 0 9 2 0 3 91 15 811 1622 0 5 0 5949 1 0 61 0 51 2995 283 57 808 0 0 12 1831 0 2 11 0 0 0 0 0 0 0 0 0 0 0 0 144 2 0 0 0 1 4 128 2 0 1 215 2 0 0 0 0 0 2
1 107 0 869 30 16 28 5 1965 60 14 345 42 22 155 892 5 1 7 77 4 1052 61 0 135 6 844 1949 40 21 0 0 9 59 0 4 0 47 0 1 4 0 127 23 0 11 0 1 5 108 0 0 0 19 22 60 10 849 3 0 31 360 8 5 0 0 2 31
0 645 0 2 0 0 0 0 34 0 47 1 666 0 5 5 0 0 0 0 0 73 0 135 0 4 1782 0 1 0 2 3 0 1 0 8 0 0 0 0 0 0 1 0 5 0 40 0 0 0 0 0 0 0 0 0 0 0 146 3 79 0 0 0 2 0 0 1
15 9 1291 0 0 3 4 43 3 2 1238 2 134 46 1 0 885 985 1388 0 0 1 51 6 4 0 5028 1 19 10 176 1 0 121 0 21 10 0 0 0 0 0 0 0 3 0 159 0 0 0 11 0 3 0 0 1 0 0 24 251 599 0 0 0 40 0 0 3
33 1486 3250 2 4 5 43 12 96 2 77 4 496 23 21 984 934 32 157 0 22 666 2995 844 1782 5028 0 201 30 18 162 2 7 889 0 190 105 0 0 0 0 0 6 0 3 0 411 0 0 96 33 1 4 0 0 107 205 4 150 258 3420 1 0 0 57 0 0 46
19 2 8 1945 8 215 5193 69 51 1649 3 146 36 76 86 124 6 0 0 257 919 7 283 1949 0 1 201 0 235 1050 0 0 67 318 1 0 0 7 0 2 2 0 34 0 0 23 0 0 11 39 0 0 0 6 3 7 0 473 0 0 1 71 4 5 0 0 1 16
820 1 15 14 1 90 45 50 30 186 195 86 35 1986 33 0 167 6 12 20 43 3 57 40 1 19 30 235 0 1065 1 50 1348 1005 0 0 0 1 0 0 0 0 24 0 0 0 0 0 0 1 0 0 0 0 0 3 0 33 0 0 0 13 0 0 0 0 2 2
289 0 91 0 0 2 1121 137 3 3 2 0 0 466 2 1 294 1 5 0 3190 1 808 21 0 10 18 1050 1065 0 0 0 267 800 0 1 0 0 0 0 0 0 2 0 0 0 0 0 0 5 0 0 0 0 1 4 0 19 0 0 1 2 1 0 0 0 0 1
0 0 0 0 0 0 0 0 0 0 54 0 155 0 0 0 0 1 0 0 0 1 0 0 2 176 162 0 1 0 0 0 0 6 0 0 0 0 0 0 0 0 0 0 3 0 53 0 0 0 0 0 0 0 0 0 0 0 7 1 4 0 0 0 3 0 0 0
0 0 0 0 149 290 0 30 5 0 135 1 60 148 3 0 0 0 2 0 1 0 0 0 3 1 2 0 50 0 0 0 0 496 0 0 0 0 0 0 0 0 0 0 1 0 0 0 0 0 0 0 0 0 0 0 0 0 1 0 0 0 0 0 0 0 0 0
8 0 0 0 0 1 2 0 8 3 1 1 0 2 4 0 21 0 1 0 10 0 12 9 0 0 7 67 1348 267 0 0 0 403 0 0 0 0 0 0 0 0 4 0 0 0 0 0 0 0 0 0 0 0 0 0 0 9 0 0 0 8 0 0 0 0 0 0
12 10 32 16 456 65 28 12 19 237 1084 176 520 39 18 11 1565 58 331 17 1239 6 1831 59 1 121 889 318 1005 800 6 496 403 0 1 10 29 1 0 0 0 0 5 0 0 0 5 1 0 21 2 0 1 0 6 5 19 151 5 34 328 35 4 4 0 2 3 10
0 0 0 0 0 0 0 0 1 0 0 0 0 0 0 0 0 0 0 0 0 0 0 0 0 0 0 1 0 0 0 0 0 1 0 0 18 0 0 5 432 22 0 18 2 1 0 982 0 0 12 5 11 1 0 0 5 3 0 13 0 23 1256 330 0 0 4 7
2 260 3 0 0 0 0 1 0 0 4 0 14 0 0 1 9 0 6 0 0 10 2 4 8 21 190 0 0 1 0 0 0 10 0 0 2 0 0 0 0 0 52 0 13 0 46 0 0 0 3 0 1 0 0 485 1 111 850 3 2124 0 0 0 0 0 0 14
0 2 18 0 0 0 0 0 0 0 0 0 0 0 0 0 25 0 3 0 0 1 11 0 0 10 105 0 0 0 0 0 0 29 18 2 0 1 0 24 616 50 0 9 0 4 0 88 1 2 1089 0 35 0 38 0 2143 6 0 1506 3143 43 0 102 0 0 0 21
1 0 0 85 0 9 0 0 21 1 0 62 4 0 27 0 0 0 0 44 0 0 0 47 0 0 0 7 1 0 0 0 0 1 0 0 1 0 11 25 2 4 57 1162 4 564 0 4 36 0 0 0 0 2742 0 2 0 664 0 0 1 745 4 0 0 1 0 27
0 0 0 0 0 6 0 0 4 0 0 0 11 0 4 0 0 0 0 0 0 0 0 0 0 0 0 0 0 0 0 0 0 0 0 0 0 11 0 351 0 55 42 2 46 22 12 2 836 0 0 0 0 3 0 2 0 57 0 0 0 11 1 0 0 264 0 235
0 0 0 1 6 4 0 0 6 1 0 64 5 0 4 0 0 0 0 1 0 0 0 1 0 0 0 2 0 0 0 0 0 0 5 0 24 25 351 0 270 2169 77 2473 24 2706 0 63 1103 0 1 2 0 76 1 2 3 90 0 4 3 474 15 6 1 2 1 47
0 0 0 0 0 1 0 0 0 1 0 0 2 0 1 0 0 0 0 0 0 0 0 4 0 0 0 2 0 0 0 0 0 0 432 0 616 2 0 270 0 703 4 1655 11 18 0 1929 19 1 135 2 33 3 147 3 317 65 0 70 4 4838 171 2810 0 1 8 68
0 0 0 0 1 1 0 0 0 0 0 0 1 0 0 0 0 0 0 0 0 0 0 0 0 0 0 0 0 0 0 0 0 0 22 0 50 4 55 2169 703 0 34 989 13 133 1 3275 25 0 6 3 2 17 5 0 9 13 0 6 0 51 43 57 0 300 0 48
0 0 0 20 6 3 2 2 128 19 1 21 6 3 8 0 0 0 0 12 0 6 0 127 1 0 6 34 24 2 0 0 4 5 0 52 0 57 42 77 4 34 0 24 18 206 31 19 237 0 0 2 1 26 0 556 1 2458 137 1 150 114 8 2 1 17 1 57
0 0 0 0 0 0 0 0 16 0 0 30 3 0 18 0 0 0 0 1 0 0 0 23 0 0 0 0 0 0 0 0 0 0 18 0 9 1162 2 2473 1655 989 24 0 39 1576 1 765 34 0 0 0 3 1266 1 0 2 104 0 0 1 2849 97 5 0 1 2 311
0 3 0 0 0 2 0 0 1 0 56 0 91 0 0 0 0 0 0 0 0 0 0 0 5 3 3 0 0 0 3 1 0 0 2 13 0 4 46 24 11 13 18 39 0 157 882 60 10 0 7 1354 216 36 4 3 2 21 78 652 8 10 360 25 110 260 1 1236
0 0 0 41 11 27 0 0 47 24 0 816 9 0 32 0 0 0 0 32 0 0 0 11 0 0 0 23 0 0 0 0 0 0 1 0 4 564 22 2706 18 133 206 1576 157 0 0 81 573 0 0 29 7 2434 0 2 2 615 0 4 1 503 68 0 0 11 1 187
0 9 0 0 0 0 0 0 1 2 139 1 453 0 2 0 1 12 3 0 0 0 0 0 40 159 411 0 0 0 53 0 0 5 0 46 0 0 12 0 0 1 31 1 882 0 0 2 4 0 0 0 0 3 2 24 0 8 1018 82 1051 1 15 0 388 30 0 98
0 0 0 0 0 0 0 1 1 0 0 0 4 0 0 0 0 0 0 0 0 0 0 1 0 0 0 0 0 0 0 0 0 1 982 0 88 4 2 63 1929 3275 19 765 60 81 2 0 38 0 17 4 4 33 4 1 7 13 0 10 1 48 1778 405 1 8 8 56
0 0 0 15 4 4 0 1 6 6 0 10 17 0 6 0 0 0 0 12 0 0 0 5 0 0 0 11 0 0 0 0 0 0 0 0 1 36 836 1103 19 25 237 34 10 573 4 38 0 13 0 12 1 34 31 8 4 424 0 2 2 164 4 0 0 8 0 35
0 0 0 0 0 0 0 0 3 0 0 0 0 0 4 840 0 0 0 0 15 105 144 108 0 0 96 39 1 5 0 0 0 21 0 0 2 0 0 0 1 0 0 0 0 0 0 0 13 0 0 0 0 0 602 759 1293 1419 0 1 1375 118 1 2 0 0 1 3
0 1 2 0 0 0 0 0 0 0 0 0 0 0 0 0 2 0 1 0 0 0 2 0 0 11 33 0 0 0 0 0 0 2 12 3 1089 0 0 1 135 6 0 0 7 0 0 17 0 0 0 2 922 0 50 1 951 0 0 698 278 11 6 470 0 0 2 1130
0 0 0 0 0 0 0 0 0 0 0 0 0 0 0 0 0 0 0 0 0 0 0 0 0 0 1 0 0 0 0 0 0 0 5 0 0 0 0 2 2 3 2 0 1354 29 0 4 12 0 2 0 466 0 0 0 1 5 0 513 8 0 5 13 0 10 5 139
0 1 1 0 0 0 0 0 0 0 0 0 0 0 0 0 1 0 1 0 0 0 0 0 0 3 4 0 0 0 0 0 0 1 11 1 35 0 0 0 33 2 1 3 216 7 0 4 1 0 922 466 0 1 9 1 4 4 0 740 34 5 14 245 0 0 4 739
0 0 0 32 2 11 0 0 18 0 0 30 4 0 14 0 0 0 0 30 0 0 0 19 0 0 0 6 0 0 0 0 0 0 1 0 0 2742 3 76 3 17 26 1266 36 2434 3 33 34 0 0 0 1 0 0 0 0 163 0 0 0 763 33 1 0 3 0 71
0 0 0 0 0 0 0 0 0 0 0 0 0 0 1 19 0 0 0 0 1 4 1 22 0 0 0 3 0 1 0 0 0 6 0 0 38 0 0 1 147 5 0 1 4 0 2 4 31 602 50 0 9 0 0 1 5638 4 0 0 16 1742 7 2058 0 0 6 732
0 6 0 0 0 0 0 0 17 0 0 0 10 0 1 167 1 0 0 0 1 233 4 60 0 1 107 7 3 4 0 0 0 5 0 485 0 2 2 2 3 0 556 0 3 2 24 1 8 759 1 0 1 0 1 0 26 1197 111 0 572 34 1 0 0 0 0 4
0 2 2 0 0 0 0 0 0 0 0 0 0 0 0 454 2 0 0 0 1 20 128 10 0 0 205 0 0 0 0 0 0 19 5 1 2143 0 0 3 317 9 1 2 2 2 0 7 4 1293 951 1 4 0 5638 26 0 19 0 14 2102 284 6 401 0 0 0 1260
4 0 0 213 0 11 0 1 102 147 0 34 11 1 32 63 0 0 0 75 5 65 2 849 0 0 4 473 33 19 0 0 9 151 3 111 6 664 57 90 65 13 2458 104 21 615 8 13 424 1419 0 5 4 163 4 1197 19 0 119 0 434 2135 41 21 0 0 5 60
0 23 0 0 0 0 0 0 0 0 51 0 220 0 0 0 1 3 0 0 0 1 0 3 146 24 150 0 0 0 7 1 0 5 0 850 0 0 0 0 0 0 137 0 78 0 1018 0 0 0 0 0 0 0 0 111 0 119 0 0 786 0 1 0 2 1 0 11
0 16 11 0 0 0 0 0 0 0 6 0 2 0 0 0 41 12 22 0 0 2 1 0 3 251 258 0 0 0 1 0 0 34 13 3 1506 0 0 4 70 6 1 0 652 4 82 10 2 1 698 513 740 0 0 0 14 0 0 0 3034 0 4 55 311 9 1 59
0 154 108 0 0 0 0 0 4 0 19 0 12 0 0 95 166 29 76 0 1 61 215 31 79 599 3420 1 0 1 4 0 0 328 0 2124 3143 1 0 3 4 0 150 1 8 1 1051 1 2 1375 278 8 34 0 16 572 2102 434 786 3034 0 125 0 3 460 1 3 362
1 0 0 12 0 14 0 0 77 0 0 78 13 0 74 10 0 0 0 31 1 3 2 360 0 0 1 71 13 2 0 0 8 35 23 0 43 745 11 474 4838 51 114 2849 10 503 1 48 164 118 11 0 5 763 1742 34 284 2135 0 0 125 0 216 962 0 0 40 286
0 0 0 0 0 1 0 0 1 0 0 0 4 0 0 0 0 0 0 0 0 1 0 8 0 0 0 4 0 1 0 0 0 4 1256 0 0 4 1 15 171 43 8 97 360 68 15 1778 4 1 6 5 14 33 7 1 6 41 1 4 0 216 0 943 1 61 1440 923
0 1 0 0 0 0 0 0 0 0 0 0 1 0 0 8 0 0 0 0 4 2 0 5 0 0 0 5 0 0 0 0 0 4 330 0 102 0 0 6 2810 57 2 5 25 0 0 405 0 2 470 13 245 1 2058 0 401 21 0 55 3 962 943 0 0 0 204 1001
0 1 0 0 0 0 0 0 0 0 14 0 18 0 0 0 0 4 2 0 0 0 0 0 2 40 57 0 0 0 3 0 0 0 0 0 0 0 0 1 0 0 1 0 110 0 388 1 0 0 0 0 0 0 0 0 0 0 2 311 460 0 1 0 0 4 0 6
0 0 0 0 0 1 0 0 0 0 1 0 9 1 0 0 0 0 0 0 0 0 0 0 0 0 0 0 0 0 0 0 0 2 0 0 0 1 264 2 1 300 17 1 260 11 30 8 8 0 0 10 0 3 0 0 0 0 1 9 1 0 61 0 4 0 0 559
0 0 0 0 0 0 0 0 0 0 0 0 0 0 0 1 0 0 0 0 0 0 0 2 0 0 0 1 2 0 0 0 0 3 4 0 0 0 0 1 8 0 1 2 1 1 0 8 0 1 2 5 4 0 6 0 0 5 0 1 3 40 1440 204 0 0 0 465
0 5 2 1 0 5 0 1 4 0 2 0 75 0 3 4 7 0 1 0 2 1 2 31 1 3 46 16 2 1 0 0 0 10 7 14 21 27 235 47 68 48 57 311 1236 187 98 56 35 3 1130 139 739 71 732 4 1260 60 11 59 362 286 923 1001 6 559 465 0
