0 0 6 0 0 2 276 54 1 17 2 1 0 1036 0 0 33 1 1 0 3 0 41 1 0 7 8 6 1137 352 0 0 4 8 0 0 0 0 0 0 0 0 0 0 0 0 0 0 0 0 0 0 0 0 0 0 0 0 0 0 0 2 0 0 0 0 0 2
0 0 0 0 0 1 1 0 35 0 0 0 170 0 5 3 1 0 2 0 0 225 0 67 382 11 1174 0 0 0 0 0 0 4 0 104 2 0 0 0 0 1 3 0 1 0 17 0 0 1 0 0 2 0 0 10 2 4 10 12 117 1 0 0 2 0 0 2
6 0 0 0 0 0 243 55 0 15 2 0 0 56 1 6 647 0 16 0 19 0 3506 8 0 2394 2264 33 1 19 0 0 0 184 0 2 26 0 0 0 0 0 0 0 0 0 0 0 0 1 3 0 3 0 0 1 3 0 0 11 71 0 0 0 0 0 0 3
0 0 0 0 1 10 0 0 34 993 0 516 1 1 7 0 0 0 0 1950 0 0 0 317 1 0 0 1392 2 0 0 0 0 10 0 0 0 166 0 2 0 0 9 1 0 9 0 0 0 0 0 0 0 23 0 0 0 60 0 0 0 5 0 0 0 0 0 0
0 0 0 1 0 378 0 7 33 0 23 2 11 0 939 1 0 0 0 0 8 0 17 5 0 1 0 4 1 0 0 99 0 266 0 0 0 0 0 2 0 0 0 0 0 1 0 0 1 0 0 0 0 0 0 2 0 0 0 0 0 0 0 0 0 0 0 0
2 1 0 10 378 0 45 1878 45 2483 48 3604 18 159 515 0 2 21 12 76 0 1 1 27 1 21 3 139 76 0 0 56 3 208 0 0 0 1 0 12 0 2 7 0 0 45 0 0 4 0 0 0 0 0 0 0 0 47 0 0 0 7 1 0 0 0 0 9
276 1 243 0 0 45 0 614 7 2001 2 6 0 1453 1 0 9 0 1 0 135 0 408 29 0 7 4 4932 89 1754 0 1 24 72 0 0 0 0 0 0 0 0 1 0 0 0 0 0 0 0 0 0 0 0 0 0 0 10 0 0 0 7 0 0 0 0 0 0
54 0 55 0 7 1878 614 0 1 1054 8 123 2 2367 19 0 76 5 1 6 15 1 230 0 0 41 2 59 40 35 0 110 1 36 0 0 0 0 0 2 0 0 0 0 0 3 0 0 0 0 0 0 0 0 0 0 0 0 0 0 0 0 0 0 0 0 0 1
1 35 0 34 33 45 7 1 0 25 1 501 67 4 644 0 0 0 1 48 0 556 0 2332 77 5 276 125 4 1 0 0 1 11 0 3 0 12 0 4 3 0 110 34 0 15 2 2 2 14 0 0 0 26 0 6 0 154 1 0 1 67 6 0 0 0 0 3
17 0 15 993 0 2483 2001 1054 25 0 3 1490 0 437 30 0 0 0 0 1437 2 0 9 120 0 3 0 1921 131 1 0 0 4 249 0 0 0 1 0 0 1 0 19 0 0 8 0 0 2 0 0 0 0 1 0 0 0 62 0 0 0 1 0 0 0 0 0 0
2 0 2 0 23 48 2 8 1 3 0 34 319 15 2 0 30 1677 727 1 3 0 0 0 21 443 10 2 201 1 9 84 0 889 0 2 0 0 1 0 0 0 0 0 29 0 80 0 0 0 0 0 0 0 0 1 0 0 14 7 6 0 0 0 12 0 0 0
1 0 0 516 2 3604 6 123 501 1490 34 0 12 62 320 0 0 3 7 2165 0 0 0 737 3 1 2 356 63 0 0 4 0 136 0 0 0 43 0 29 2 2 30 48 0 505 0 1 2 0 0 0 0 23 0 0 0 77 0 0 0 38 0 0 0 0 0 9
0 170 0 1 11 18 0 2 67 0 319 12 0 1 16 1 1 5 9 2 0 107 0 9 841 69 754 3 4 0 187 30 0 574 0 6 0 0 3 2 0 1 8 0 22 1 458 0 4 0 0 0 0 0 0 2 0 0 76 12 28 0 0 0 11 0 0 72
1036 0 56 1 0 159 1453 2367 4 437 15 62 1 0 1 0 275 5 9 20 8 0 268 7 0 35 4 65 1576 434 0 7 11 55 0 0 0 0 0 0 0 0 1 0 0 0 0 0 0 1 0 0 0 0 0 0 0 2 0 0 0 0 0 0 0 0 0 1
0 5 1 7 939 515 1 19 644 30 2 320 16 1 0 3 0 0 1 13 10 16 13 91 8 0 24 78 1 0 0 5 1 19 0 0 0 1 0 4 0 0 13 4 0 5 0 0 1 8 0 0 0 3 0 0 0 9 0 0 1 4 0 0 0 0 0 1
0 3 6 0 1 0 0 0 0 0 0 0 1 0 3 0 1 0 0 0 785 487 970 1047 0 6 957 88 0 2 0 0 0 9 0 6 0 0 0 0 0 0 0 0 0 0 0 0 1 363 0 0 0 0 4 43 105 21 0 0 68 7 0 3 0 0 0 10
33 1 647 0 0 2 9 76 0 0 30 0 1 275 0 1 0 6 1589 0 42 1 1646 1 0 779 301 5 102 63 0 0 12 1235 0 3 15 0 0 0 0 0 0 0 0 0 0 0 0 0 3 0 2 0 0 0 0 0 0 22 75 0 0 0 0 0 0 4
1 0 0 0 0 21 0 5 0 0 1677 3 5 5 0 0 6 0 524 0 0 0 0 0 0 258 1 0 12 1 0 6 0 37 0 0 0 0 0 0 0 0 0 0 0 0 1 0 0 0 0 0 0 0 0 0 0 0 0 2 1 0 0 0 3 0 0 0
1 2 16 0 0 12 1 1 1 0 727 7 9 9 1 0 1589 524 0 0 15 1 7 1 0 1171 108 2 44 4 0 2 3 807 0 2 3 0 0 0 0 0 0 0 0 0 2 0 0 0 0 0 2 0 0 0 0 0 0 23 57 0 0 0 0 0 0 1
0 0 0 1950 0 76 0 6 48 1437 1 2165 2 20 13 0 0 0 0 0 0 0 0 174 1 0 0 321 9 0 0 0 0 29 0 0 0 20 1 9 0 0 14 3 0 16 0 0 1 0 0 0 0 12 0 0 0 56 0 0 0 58 1 0 0 0 0 0
3 0 19 0 8 0 135 15 0 2 3 0 0 8 10 785 42 0 15 0 0 0 6043 34 0 3 3 1340 23 2287 0 0 16 1339 0 0 0 0 0 0 0 0 0 0 0 0 0 0 0 3 0 0 0 0 1 0 2 3 0 0 0 1 0 3 0 0 0 2
0 225 0 0 0 1 0 1 556 0 0 0 107 0 16 487 1 0 1 0 0 0 0 735 82 12 702 5 0 0 0 1 0 0 0 7 2 0 0 0 0 0 15 0 0 0 1 0 0 72 0 0 0 0 2 165 8 62 3 3 52 17 2 0 0 0 1 1
41 0 3506 0 17 1 408 230 0 9 0 0 0 268 13 970 1646 0 7 0 6043 0 0 63 0 378 1481 277 48 780 0 0 1 1422 0 2 6 0 0 0 0 0 0 0 0 0 0 0 0 32 3 0 0 0 1 3 28 1 0 2 135 0 0 0 0 0 0 9
1 67 8 317 5 27 29 0 2332 120 0 737 9 7 91 1047 1 0 1 174 34 735 63 0 38 5 460 2293 14 2 0 0 4 29 3 11 0 22 0 13 1 0 114 119 0 41 0 1 6 122 0 0 0 61 9 67 8 1186 1 0 31 379 28 35 0 0 1 28
0 382 0 1 0 1 0 0 77 0 21 3 841 0 8 0 0 0 0 1 0 82 0 38 0 7 1167 0 0 0 0 1 0 57 0 46 0 0 1 3 0 0 20 0 5 5 137 0 9 0 0 0 0 0 0 9 0 7 270 17 97 2 0 0 0 0 0 75
7 11 2394 0 1 21 7 41 5 3 443 1 69 35 0 6 779 258 1171 0 3 12 378 5 7 0 3406 2 26 1 229 8 1 104 0 14 7 0 0 0 0 0 0 0 17 0 153 0 0 0 3 2 12 0 0 1 0 0 15 435 432 0 0 0 98 0 0 11
8 1174 2264 0 0 3 4 2 276 0 10 2 754 4 24 957 301 1 108 0 3 702 1481 460 1167 3406 0 9 9 0 34 0 0 445 0 200 93 0 0 0 0 0 5 0 7 0 309 0 1 167 33 0 12 0 0 84 123 20 89 362 2337 1 0 1 94 0 0 81
6 0 33 1392 4 139 4932 59 125 1921 2 356 3 65 78 88 5 0 2 321 1340 5 277 2293 0 2 9 0 98 1853 0 0 31 539 0 0 0 8 0 5 1 0 35 0 0 17 0 0 5 9 0 0 0 2 1 4 0 350 0 0 1 58 2 20 0 0 0 20
1137 0 1 2 1 76 89 40 4 131 201 63 4 1576 1 0 102 12 44 9 23 0 48 14 0 26 9 98 0 1206 0 169 821 943 0 0 0 0 0 0 0 0 0 0 0 0 0 0 0 0 0 0 0 0 0 0 0 4 0 0 0 3 0 0 0 0 0 1
352 0 19 0 0 0 1754 35 1 1 1 0 0 434 0 2 63 1 4 0 2287 0 780 2 0 1 0 1853 1206 0 0 0 203 739 0 0 0 0 0 0 0 0 0 0 0 0 0 0 0 2 0 0 0 0 0 0 0 8 0 0 0 8 2 10 0 0 0 1
0 0 0 0 0 0 0 0 0 0 9 0 187 0 0 0 0 0 0 0 0 0 0 0 0 229 34 0 0 0 0 0 0 0 0 0 0 0 0 0 0 0 0 0 4 0 71 0 0 0 0 0 0 0 0 0 0 0 2 5 3 0 0 0 18 0 0 0
0 0 0 0 99 56 1 110 0 0 84 4 30 7 5 0 0 6 2 0 0 1 0 0 1 8 0 0 169 0 0 0 0 392 0 0 0 0 0 0 0 0 0 0 0 0 0 0 0 0 0 0 0 0 0 0 0 0 0 0 0 0 0 0 0 0 0 1
4 0 0 0 0 3 24 1 1 4 0 0 0 11 1 0 12 0 3 0 16 0 1 4 0 1 0 31 821 203 0 0 0 475 0 0 0 1 0 0 0 0 0 0 0 0 0 0 0 1 0 0 0 0 0 0 0 0 0 0 0 0 0 0 0 0 0 0
8 4 184 10 266 208 72 36 11 249 889 136 574 55 19 9 1235 37 807 29 1339 0 1422 29 57 104 445 539 943 739 0 392 475 0 1 0 11 0 0 3 0 1 2 1 1 4 1 0 1 6 4 0 0 0 2 4 3 17 1 16 80 15 1 3 0 0 0 24
0 0 0 0 0 0 0 0 0 0 0 0 0 0 0 0 0 0 0 0 0 0 0 3 0 0 0 0 0 0 0 0 0 1 0 0 14 0 0 4 192 80 0 23 2 2 0 1227 0 0 31 4 12 0 4 0 3 4 0 20 12 13 464 660 0 1 1 7
0 104 2 0 0 0 0 0 3 0 2 0 6 0 0 6 3 0 2 0 0 7 2 11 46 14 200 0 0 0 0 0 0 0 0 0 1 1 0 0 1 1 51 0 0 0 126 0 15 0 0 0 2 0 0 386 0 135 558 12 1457 3 1 0 1 0 0 7
0 2 26 0 0 0 0 0 0 0 0 0 0 0 0 0 15 0 3 0 0 2 6 0 0 7 93 0 0 0 0 0 0 11 14 1 0 0 0 14 544 95 0 10 0 0 0 129 0 0 814 0 10 0 9 0 1507 1 0 1241 3614 62 2 41 0 0 0 12
0 0 0 166 0 1 0 0 12 1 0 43 0 0 1 0 0 0 0 20 0 0 0 22 0 0 0 8 0 0 0 0 1 0 0 1 0 0 0 3 1 1 34 1292 0 304 0 5 3 0 0 0 0 2268 0 1 0 509 0 0 0 1187 5 0 0 0 0 5
0 0 0 0 0 0 0 0 0 0 1 0 3 0 0 0 0 0 0 1 0 0 0 0 1 0 0 0 0 0 0 0 0 0 0 0 0 0 0 224 0 0 49 1 77 3 49 0 923 5 0 4 0 0 4 1 8 7 2 4 0 3 0 0 3 63 0 290
0 0 0 2 2 12 0 2 4 0 0 29 2 0 4 0 0 0 0 9 0 0 0 13 3 0 0 5 0 0 0 0 0 3 4 0 14 3 224 0 216 1898 41 2435 23 3642 2 84 771 0 0 12 8 16 0 0 0 22 0 7 5 79 44 0 0 31 0 93
0 0 0 0 0 0 0 0 3 1 0 2 0 0 0 0 0 0 0 0 0 0 0 1 0 0 0 1 0 0 0 0 0 0 192 1 544 1 0 216 0 389 2 2788 3 29 0 1353 6 2 139 1 12 3 103 1 549 19 0 54 42 5160 97 2251 0 0 3 67
0 1 0 0 0 2 0 0 0 0 0 2 1 0 0 0 0 0 0 0 0 0 0 0 0 0 0 0 0 0 0 0 0 1 80 1 95 1 0 1898 389 0 2 964 49 233 2 2232 50 0 25 5 5 9 3 1 20 3 1 50 18 36 111 43 2 377 0 58
0 3 0 9 0 7 1 0 110 19 0 30 8 1 13 0 0 0 0 14 0 15 0 114 20 0 5 35 0 0 0 0 0 2 0 51 0 34 49 41 2 2 0 34 1 303 60 4 652 1 0 0 1 31 0 366 0 2095 60 2 144 80 15 0 0 1 0 12
0 0 0 1 0 0 0 0 34 0 0 48 0 0 4 0 0 0 0 3 0 0 0 119 0 0 0 0 0 0 0 0 0 1 23 0 10 1292 1 2435 2788 964 34 0 0 1418 0 212 40 0 0 0 0 1234 0 0 2 89 0 0 1 1799 183 0 0 0 0 270
0 1 0 0 0 0 0 0 0 0 29 0 22 0 0 0 0 0 0 0 0 0 0 0 5 17 7 0 0 0 4 0 0 1 2 0 0 0 77 23 3 49 1 0 0 13 486 37 1 0 5 1542 401 1 1 0 0 5 41 450 7 3 340 9 136 160 0 1272
0 0 0 9 1 45 0 3 15 8 0 505 1 0 5 0 0 0 0 16 0 0 0 41 5 0 0 17 0 0 0 0 0 4 2 0 0 304 3 3642 29 233 303 1418 13 0 0 56 166 0 0 0 0 2093 0 2 2 649 0 3 1 465 73 1 0 4 1 126
0 17 0 0 0 0 0 0 2 0 80 0 458 0 0 0 0 1 2 0 0 1 0 0 137 153 309 0 0 0 71 0 0 1 0 126 0 0 49 2 0 2 60 0 486 0 0 0 4 0 0 0 0 0 0 52 0 57 1271 25 753 0 5 0 316 29 0 282
0 0 0 0 0 0 0 0 2 0 0 1 0 0 0 0 0 0 0 0 0 0 0 1 0 0 0 0 0 0 0 0 0 0 1227 0 129 5 0 84 1353 2232 4 212 37 56 0 0 2 1 85 2 27 9 8 0 36 7 1 55 10 86 1657 521 0 160 1 31
0 0 0 0 1 4 0 0 2 2 0 2 4 0 1 1 0 0 0 1 0 0 0 6 9 0 1 5 0 0 0 0 0 1 0 15 0 3 923 771 6 50 652 40 1 166 4 2 0 6 0 0 0 5 9 9 20 104 3 2 22 67 6 0 0 2 0 23
0 1 1 0 0 0 0 0 14 0 0 0 0 1 8 363 0 0 0 0 3 72 32 122 0 0 167 9 0 2 0 0 1 6 0 0 0 0 5 0 2 0 1 0 0 0 0 1 6 0 2 0 0 0 563 688 532 969 0 0 945 255 0 4 0 0 0 16
0 0 3 0 0 0 0 0 0 0 0 0 0 0 0 0 3 0 0 0 0 0 3 0 0 3 33 0 0 0 0 0 0 4 31 0 814 0 0 0 139 25 0 0 5 0 0 85 0 2 0 9 730 0 9 2 1144 5 0 180 519 7 49 298 0 0 1 759
0 0 0 0 0 0 0 0 0 0 0 0 0 0 0 0 0 0 0 0 0 0 0 0 0 2 0 0 0 0 0 0 0 0 4 0 0 0 4 12 1 5 0 0 1542 0 0 2 0 0 9 0 592 0 2 0 0 0 0 450 3 0 22 3 0 11 0 75
0 2 3 0 0 0 0 0 0 0 0 0 0 0 0 0 2 0 2 0 0 0 0 0 0 12 12 0 0 0 0 0 0 0 12 2 10 0 0 8 12 5 1 0 401 0 0 27 0 0 730 592 0 0 15 0 10 1 0 1054 97 1 49 96 0 1 3 1016
0 0 0 23 0 0 0 0 26 1 0 23 0 0 3 0 0 0 0 12 0 0 0 61 0 0 0 2 0 0 0 0 0 0 0 0 0 2268 0 16 3 9 31 1234 1 2093 0 9 5 0 0 0 0 0 0 0 0 252 0 0 0 458 12 0 0 0 0 17
0 0 0 0 0 0 0 0 0 0 0 0 0 0 0 4 0 0 0 0 1 2 1 9 0 0 0 1 0 0 0 0 0 2 4 0 9 0 4 0 103 3 0 0 1 0 0 8 9 563 9 2 15 0 0 3 5775 18 0 2 6 1791 52 2370 0 0 48 1133
0 10 1 0 2 0 0 0 6 0 1 0 2 0 0 43 0 0 0 0 0 165 3 67 9 1 84 4 0 0 0 0 0 4 0 386 0 1 1 0 1 1 366 0 0 2 52 0 9 688 2 0 0 0 3 0 2 1014 68 0 687 29 0 0 0 0 0 0
0 2 3 0 0 0 0 0 0 0 0 0 0 0 0 105 0 0 0 0 2 8 28 8 0 0 123 0 0 0 0 0 0 3 3 0 1507 0 8 0 549 20 0 2 0 2 0 36 20 532 1144 0 10 0 5775 2 0 21 0 87 2966 345 22 650 0 0 3 1417
0 4 0 60 0 47 10 0 154 62 0 77 0 2 9 21 0 0 0 56 3 62 1 1186 7 0 20 350 4 8 0 0 0 17 4 135 1 509 7 22 19 3 2095 89 5 649 57 7 104 969 5 0 1 252 18 1014 21 0 113 1 632 2595 22 2 0 0 1 45
0 10 0 0 0 0 0 0 1 0 14 0 76 0 0 0 0 0 0 0 0 3 0 1 270 15 89 0 0 0 2 0 0 1 0 558 0 0 2 0 0 1 60 0 41 0 1271 1 3 0 0 0 0 0 0 68 0 113 0 8 740 0 0 0 0 1 0 10
0 12 11 0 0 0 0 0 0 0 7 0 12 0 0 0 22 2 23 0 0 3 2 0 17 435 362 0 0 0 5 0 0 16 20 12 1241 0 4 7 54 50 2 0 450 3 25 55 2 0 180 450 1054 0 2 0 87 1 8 0 2882 3 13 18 94 12 0 92
0 117 71 0 0 0 0 0 1 0 6 0 28 0 1 68 75 1 57 0 0 52 135 31 97 432 2337 1 0 0 3 0 0 80 12 1457 3614 0 0 5 42 18 144 1 7 1 753 10 22 945 519 3 97 0 6 687 2966 632 740 2882 0 265 9 8 13 3 0 350
2 1 0 5 0 7 7 0 67 1 0 38 0 0 4 7 0 0 0 58 1 17 0 379 2 0 1 58 3 8 0 0 0 15 13 3 62 1187 3 79 5160 36 80 1799 3 465 0 86 67 255 7 0 1 458 1791 29 345 2595 0 3 265 0 347 1633 0 0 35 577
0 0 0 0 0 1 0 0 6 0 0 0 0 0 0 0 0 0 0 1 0 2 0 28 0 0 0 2 0 2 0 0 0 1 464 1 2 5 0 44 97 111 15 183 340 73 5 1657 6 0 49 22 49 12 52 0 22 22 0 13 9 347 0 875 5 55 966 900
0 0 0 0 0 0 0 0 0 0 0 0 0 0 0 3 0 0 0 0 3 0 0 35 0 0 1 20 0 10 0 0 0 3 660 0 41 0 0 0 2251 43 0 0 9 1 0 521 0 4 298 3 96 0 2370 0 650 2 0 18 8 1633 875 0 0 0 173 446
0 2 0 0 0 0 0 0 0 0 12 0 11 0 0 0 0 3 0 0 0 0 0 0 0 98 94 0 0 0 18 0 0 0 0 1 0 0 3 0 0 2 0 0 136 0 316 0 0 0 0 0 0 0 0 0 0 0 0 94 13 0 5 0 0 2 0 8
0 0 0 0 0 0 0 0 0 0 0 0 0 0 0 0 0 0 0 0 0 0 0 0 0 0 0 0 0 0 0 0 0 0 1 0 0 0 63 31 0 377 1 0 160 4 29 160 2 0 0 11 1 0 0 0 0 0 1 12 3 0 55 0 2 0 0 227
0 0 0 0 0 0 0 0 0 0 0 0 0 0 0 0 0 0 0 0 0 1 0 1 0 0 0 0 0 0 0 0 0 0 1 0 0 0 0 0 3 0 0 0 0 1 0 1 0 0 1 0 3 0 48 0 3 1 0 0 0 35 966 173 0 0 0 310
2 2 3 0 0 9 0 1 3 0 0 9 72 1 1 10 4 0 1 0 2 1 9 28 75 11 81 20 1 1 0 1 0 24 7 7 12 5 290 93 67 58 12 270 1272 126 282 31 23 16 759 75 1016 17 1133 0 1417 45 10 92 350 577 900 446 8 227 310 0
