0 0 9 0 0 7 363 58 0 9 3 0 2 630 0 0 48 0 1 1 1 0 28 2 0 9 8 8 648 215 1 0 2 24 0 0 0 0 0 0 0 0 0 0 0 0 0 0 0 0 0 0 0 0 0 0 0 3 1 0 0 4 1 0 0 0 0 0
0 0 6 0 0 0 0 2 26 0 9 0 48 4 1 0 7 0 4 0 0 266 0 43 407 5 1388 1 0 2 1 1 0 7 0 159 3 0 0 0 0 0 6 0 2 0 12 1 0 0 1 0 1 0 0 22 0 3 7 16 199 0 0 0 0 1 0 0
9 6 0 1 0 9 126 56 5 16 0 0 0 75 0 1 283 1 12 1 33 1 2644 4 0 1368 3646 31 3 37 0 0 2 23 0 7 49 0 0 0 0 0 0 0 0 0 0 0 0 2 38 1 4 0 1 1 9 3 0 54 293 8 1 1 0 0 0 7
0 0 1 0 5 7 20 5 39 649 0 415 2 1 11 0 0 0 0 1332 0 0 0 588 0 0 0 1969 9 0 0 0 1 15 0 0 0 25 0 4 6 0 16 2 1 51 0 0 1 0 0 0 0 27 0 0 0 70 0 0 0 34 2 1 0 0 0 2
0 0 0 5 0 154 2 5 192 5 26 105 150 0 665 2 2 0 0 7 16 0 13 73 0 0 2 13 2 2 0 336 1 284 0 0 0 0 2 9 0 0 2 0 0 15 0 0 22 0 0 0 0 2 0 0 1 1 1 0 0 0 0 0 0 0 0 0
7 0 9 7 154 0 129 1871 102 1140 23 2590 63 33 766 0 1 2 3 61 5 0 9 11 2 2 1 73 66 6 0 88 0 14 0 1 0 0 2 0 0 0 3 1 0 8 1 1 5 0 0 0 0 4 0 0 0 18 1 0 0 21 2 2 0 2 0 11
363 0 126 20 2 129 0 204 8 1254 13 56 4 1378 6 0 16 1 11 24 246 0 199 31 1 11 16 5444 291 1481 0 0 3 24 0 0 0 3 0 1 1 0 0 1 0 2 0 0 1 0 0 0 0 2 0 0 0 11 0 0 0 6 0 0 0 0 0 0
58 2 56 5 5 1871 204 0 34 447 5 188 25 2113 8 0 61 1 0 45 21 0 107 3 1 9 10 28 55 91 0 173 2 30 0 1 0 0 0 1 0 1 1 0 2 1 0 0 0 0 0 0 0 0 0 0 0 0 0 0 0 1 1 0 0 0 0 0
0 26 5 39 192 102 8 34 0 27 26 275 98 7 353 1 4 6 14 55 1 473 9 1447 85 12 235 50 21 4 1 19 5 47 1 1 0 18 9 4 3 1 281 1 4 34 1 2 10 4 0 0 1 18 1 5 0 123 2 1 27 42 6 2 0 2 4 13
9 0 16 649 5 1140 1254 447 27 0 42 1190 49 493 12 0 1 6 6 1366 11 0 11 30 0 0 3 1188 139 10 0 5 1 79 0 0 0 0 0 2 3 0 5 0 0 20 0 0 8 0 0 0 0 19 0 0 0 92 0 0 0 8 0 0 0 0 0 2
3 9 0 0 26 23 13 5 26 42 0 81 846 23 10 0 13 1016 882 12 2 17 2 7 50 515 30 10 202 7 35 159 1 756 0 12 0 0 0 0 0 0 1 0 83 0 241 0 1 0 0 1 0 0 0 7 0 0 23 25 23 0 1 0 19 12 0 8
0 0 0 415 105 2590 56 188 275 1190 81 0 110 38 730 0 1 7 8 1079 0 0 1 423 2 6 1 242 94 0 1 30 0 60 0 0 0 121 6 40 4 6 27 16 0 478 0 1 35 0 0 0 0 104 0 0 0 126 0 0 0 71 3 0 0 0 0 31
2 48 0 2 150 63 4 25 98 49 846 110 0 12 61 0 1 14 4 36 2 59 2 15 961 28 324 41 38 2 106 110 1 359 0 5 0 2 4 6 0 2 5 1 55 28 568 1 15 0 0 2 0 6 0 5 0 12 93 56 73 7 8 0 35 3 0 75
630 4 75 1 0 33 1378 2113 7 493 23 38 12 0 1 0 120 1 5 14 27 0 208 1 0 10 6 29 1393 379 0 364 3 51 0 0 0 0 0 0 0 1 0 0 1 0 0 0 0 0 0 0 0 0 0 0 0 3 0 0 0 1 0 0 0 1 0 1
0 1 0 11 665 766 6 8 353 12 10 730 61 1 0 0 3 0 0 19 16 6 4 136 1 0 2 47 10 15 0 82 0 42 0 0 0 25 7 2 0 1 4 5 0 33 2 1 4 0 0 0 0 25 0 0 1 15 0 0 1 11 2 0 0 0 0 6
0 0 1 0 2 0 0 0 1 0 0 0 0 0 0 0 0 0 1 1 406 1232 736 521 0 0 500 107 0 0 0 0 0 2 2 0 2 0 0 0 0 0 0 0 0 0 0 0 1 1189 0 0 0 0 46 59 195 15 0 1 295 27 0 4 0 0 0 1
48 7 283 0 2 1 16 61 4 1 13 1 1 120 3 0 0 9 1904 0 23 2 1728 3 0 830 537 13 172 236 0 0 14 1563 0 14 30 0 0 0 0 0 1 0 0 0 0 0 0 2 20 0 2 0 0 2 0 0 0 54 215 0 0 0 0 0 0 4
0 0 1 0 0 2 1 1 6 6 1016 7 14 1 0 0 9 0 376 0 0 0 1 0 0 862 5 1 9 1 2 1 0 17 0 0 0 0 0 0 0 0 0 0 2 0 2 0 0 0 0 0 0 0 0 0 0 0 0 4 2 0 0 0 2 0 0 0
1 4 12 0 0 3 11 0 14 6 882 8 4 5 0 1 1904 376 0 3 5 1 5 4 0 1428 239 12 29 15 0 0 1 940 0 5 2 0 0 0 0 0 1 0 1 0 6 0 0 0 0 0 1 0 0 0 0 0 3 29 90 0 0 0 0 0 0 0
1 0 1 1332 7 61 24 45 55 1366 12 1079 36 14 19 1 0 0 3 0 0 0 0 318 0 0 0 969 57 0 0 5 0 40 0 0 0 56 3 12 5 1 16 7 0 60 0 0 18 0 0 0 0 97 0 0 0 210 0 0 0 87 0 0 0 0 1 2
1 0 33 0 16 5 246 21 1 11 2 0 2 27 16 406 23 0 5 0 0 2 5798 2 0 1 14 2012 20 2436 0 3 12 1205 0 0 0 0 0 0 0 0 0 0 0 0 0 0 0 113 0 0 0 0 80 7 9 33 0 0 3 62 5 5 0 0 2 4
0 266 1 0 0 0 0 0 473 0 17 0 59 0 6 1232 2 0 1 0 2 0 2 828 107 5 1252 20 1 0 0 0 0 4 0 15 2 0 0 0 0 0 21 0 2 0 6 0 0 115 0 0 0 0 3 240 2 22 4 2 83 10 0 0 0 0 1 1
28 0 2644 0 13 9 199 107 9 11 2 1 2 208 4 736 1728 1 5 0 5798 2 0 27 0 346 1118 335 38 458 0 0 1 1515 0 6 60 0 0 0 0 0 0 0 0 0 0 0 0 332 20 0 2 0 8 7 184 3 0 3 528 9 0 1 0 0 1 2
2 43 4 588 73 11 31 3 1447 30 7 423 15 1 136 521 3 0 4 318 2 828 27 0 71 3 488 1407 48 11 0 4 18 55 2 0 0 111 0 9 5 6 106 17 0 201 1 3 18 42 0 0 0 66 23 14 2 376 0 0 16 220 27 8 0 0 7 47
0 407 0 0 0 2 1 1 85 0 50 2 961 0 1 0 0 0 0 0 0 107 0 71 0 1 1042 0 4 0 5 6 0 5 0 55 0 2 1 1 0 0 14 0 37 6 206 0 1 0 0 0 0 2 0 8 0 6 310 7 86 1 5 0 9 7 0 36
9 5 1368 0 0 2 11 9 12 0 515 6 28 10 0 0 830 862 1428 0 1 5 346 3 1 0 2892 2 12 3 122 0 2 77 0 16 8 0 0 0 0 0 0 0 5 0 68 0 0 0 1 7 11 0 0 2 0 0 34 267 581 0 0 0 13 0 0 6
8 1388 3646 0 2 1 16 10 235 3 30 1 324 6 2 500 537 5 239 0 14 1252 1118 488 1042 2892 0 212 11 16 194 0 2 640 0 150 144 0 0 0 2 0 2 0 7 1 130 0 1 55 81 3 19 0 0 39 134 6 167 344 3404 1 1 0 26 0 0 22
8 1 31 1969 13 73 5444 28 50 1188 10 242 41 29 47 107 13 1 12 969 2012 20 335 1407 0 2 212 0 173 460 0 0 21 129 4 2 0 19 0 7 10 2 36 10 0 41 0 1 14 41 0 0 0 36 22 8 2 294 0 0 8 165 12 8 0 0 2 28
648 0 3 9 2 66 291 55 21 139 202 94 38 1393 10 0 172 9 29 57 20 1 38 48 4 12 11 173 0 1308 4 62 807 860 0 1 0 0 1 2 1 1 7 0 5 4 4 2 2 2 0 0 0 0 0 0 0 16 2 0 1 12 2 0 0 5 1 8
215 2 37 0 2 6 1481 91 4 10 7 0 2 379 15 0 236 1 15 0 2436 0 458 11 0 3 16 460 1308 0 0 3 286 793 0 1 1 0 0 0 1 0 1 0 0 0 0 0 0 0 0 0 0 0 0 0 0 3 0 0 6 1 0 1 0 0 0 0
1 1 0 0 0 0 0 0 1 0 35 1 106 0 0 0 0 2 0 0 0 0 0 0 5 122 194 0 4 0 0 0 0 5 0 0 0 0 0 0 0 0 0 0 14 0 142 0 0 0 0 0 0 0 0 0 0 0 24 67 50 0 0 0 28 0 0 0
0 1 0 0 336 88 0 173 19 5 159 30 110 364 82 0 0 1 0 5 3 0 0 4 6 0 0 0 62 3 0 0 0 325 0 2 0 0 0 1 0 0 0 0 8 2 8 2 0 0 0 0 0 0 0 0 0 0 1 0 0 0 0 0 0 0 0 5
2 0 2 1 1 0 3 2 5 1 1 0 1 3 0 0 14 0 1 0 12 0 1 18 0 2 2 21 807 286 0 0 0 387 0 0 0 0 0 0 0 0 3 0 0 0 0 0 0 3 0 0 0 0 1 0 0 6 0 0 0 2 0 1 0 0 0 0
24 7 23 15 284 14 24 30 47 79 756 60 359 51 42 2 1563 17 940 40 1205 4 1515 55 5 77 640 129 860 793 5 325 387 0 1 11 16 0 0 1 5 0 4 0 2 3 4 0 2 9 11 0 3 0 7 1 2 44 0 22 147 33 2 5 1 3 0 5
0 0 0 0 0 0 0 0 1 0 0 0 0 0 0 2 0 0 0 0 0 0 0 2 0 0 0 4 0 0 0 0 0 1 0 0 1 2 0 1 799 71 0 15 3 8 0 952 0 0 8 3 13 6 3 0 1 0 0 4 1 6 1141 512 0 0 2 21
0 159 7 0 0 1 0 1 1 0 12 0 5 0 0 0 14 0 5 0 0 15 6 0 55 16 150 2 1 1 0 2 0 11 0 0 0 0 1 0 0 3 55 0 0 0 17 0 5 1 0 1 0 0 0 304 0 45 420 1 1318 0 1 0 0 0 0 2
0 3 49 0 0 0 0 0 0 0 0 0 0 0 0 2 30 0 2 0 0 2 60 0 0 8 144 0 0 1 0 0 0 16 1 0 0 0 0 2 131 17 0 5 0 0 0 7 0 0 291 2 4 0 17 0 1250 0 0 1065 3358 40 2 3 0 0 0 10
0 0 0 25 0 0 3 0 18 0 0 121 2 0 25 0 0 0 0 56 0 0 0 111 2 0 0 19 0 0 0 0 0 0 2 0 0 0 5 64 17 15 31 434 1 254 1 26 9 0 0 0 0 2904 0 0 1 497 0 0 0 1726 71 0 0 2 1 40
0 0 0 0 2 2 0 0 9 0 0 6 4 0 7 0 0 0 0 3 0 0 0 0 1 0 0 0 1 0 0 0 0 0 0 1 0 5 0 600 0 11 130 3 13 72 13 4 834 0 0 0 0 13 0 1 0 126 0 2 0 12 1 0 1 265 0 127
0 0 0 4 9 0 1 1 4 2 0 40 6 0 2 0 0 0 0 12 0 0 0 9 1 0 0 7 2 0 0 1 0 1 1 0 2 64 600 0 203 1675 22 1712 13 2523 0 24 716 0 0 2 2 87 0 0 0 25 0 5 0 214 25 1 0 50 0 41
0 0 0 6 0 0 1 0 3 3 0 4 0 0 0 0 0 0 0 5 0 0 0 5 0 0 2 10 1 1 0 0 0 5 799 0 131 17 0 203 0 598 6 1285 6 42 0 1626 4 1 166 2 58 10 30 0 256 81 0 161 4 4398 38 2296 0 0 0 41
0 0 0 0 0 0 0 1 1 0 0 6 2 1 1 0 0 0 0 1 0 0 0 6 0 0 0 2 1 0 0 0 0 0 71 3 17 15 11 1675 598 0 5 575 13 164 1 1840 24 0 28 0 12 47 1 0 6 6 0 19 0 43 26 33 0 15 0 34
0 6 0 16 2 3 0 1 281 5 1 27 5 0 4 0 1 0 1 16 0 21 0 106 14 0 2 36 7 1 0 0 3 4 0 55 0 31 130 22 6 5 0 6 16 186 8 3 243 0 0 6 12 44 0 377 0 1388 81 0 223 50 21 1 0 13 3 37
0 0 0 2 0 1 1 0 1 0 0 16 1 0 5 0 0 0 0 7 0 0 0 17 0 0 0 10 0 0 0 0 0 0 15 0 5 434 3 1712 1285 575 6 0 11 930 3 320 10 0 0 1 1 1817 0 0 2 34 0 2 0 2044 109 1 0 1 2 109
0 2 0 1 0 0 0 2 4 0 83 0 55 1 0 0 0 2 1 0 0 2 0 0 37 5 7 0 5 0 14 8 0 2 3 0 0 1 13 13 6 13 16 11 0 52 675 20 1 0 17 967 234 48 2 0 2 10 88 568 6 9 280 7 212 169 1 1066
0 0 0 51 15 8 2 1 34 20 0 478 28 0 33 0 0 0 0 60 0 0 0 201 6 0 1 41 4 0 0 2 0 3 8 0 0 254 72 2523 42 164 186 930 52 0 2 174 446 0 0 11 4 2296 0 0 0 219 0 4 2 178 110 0 0 18 0 173
0 12 0 0 0 1 0 0 1 0 241 0 568 0 2 0 0 2 6 0 0 6 0 1 206 68 130 0 4 0 142 8 0 4 0 17 0 1 13 0 0 1 8 3 675 2 0 0 25 0 0 1 0 2 0 5 0 6 400 28 743 2 62 1 142 142 0 262
0 1 0 0 0 1 0 0 2 0 0 1 1 0 1 0 0 0 0 0 0 0 0 3 0 0 0 1 2 0 0 2 0 0 952 0 7 26 4 24 1626 1840 3 320 20 174 0 0 1 1 29 1 18 75 1 1 6 12 0 29 2 65 1474 184 0 158 0 72
0 0 0 1 22 5 1 0 10 8 1 35 15 0 4 1 0 0 0 18 0 0 0 18 1 0 1 14 2 0 0 0 0 2 0 5 0 9 834 716 4 24 243 10 1 446 25 1 0 12 0 0 0 10 29 13 3 156 1 0 4 41 10 4 0 37 1 63
0 0 2 0 0 0 0 0 4 0 0 0 0 0 0 1189 2 0 0 0 113 115 332 42 0 0 55 41 2 0 0 0 3 9 0 1 0 0 0 0 1 0 0 0 0 0 0 1 12 0 0 0 0 0 775 879 1673 1194 0 1 1059 412 15 4 0 0 4 7
0 1 38 0 0 0 0 0 0 0 0 0 0 0 0 0 20 0 0 0 0 0 20 0 0 1 81 0 0 0 0 0 0 11 8 0 291 0 0 0 166 28 0 0 17 0 0 29 0 0 0 13 734 0 17 0 749 1 0 319 425 9 11 181 0 0 0 1160
0 0 1 0 0 0 0 0 0 0 1 0 2 0 0 0 0 0 0 0 0 0 0 0 0 7 3 0 0 0 0 0 0 0 3 1 2 0 0 2 2 0 6 1 967 11 1 1 0 0 13 0 511 3 1 0 2 1 0 474 24 3 11 4 0 5 0 146
0 1 4 0 0 0 0 0 1 0 0 0 0 0 0 0 2 0 1 0 0 0 2 0 0 11 19 0 0 0 0 0 0 3 13 0 4 0 0 2 58 12 12 1 234 4 0 18 0 0 734 511 0 6 3 2 18 5 0 1378 81 7 10 90 0 0 1 838
0 0 0 27 2 4 2 0 18 19 0 104 6 0 25 0 0 0 0 97 0 0 0 66 2 0 0 36 0 0 0 0 0 0 6 0 0 2904 13 87 10 47 44 1817 48 2296 2 75 10 0 0 3 6 0 0 0 0 239 0 3 0 315 74 0 0 3 0 86
0 0 1 0 0 0 0 0 1 0 0 0 0 0 0 46 0 0 0 0 80 3 8 23 0 0 0 22 0 0 0 0 1 7 3 0 17 0 0 0 30 1 0 0 2 0 0 1 29 775 17 1 3 0 0 7 5040 2 0 1 13 1695 32 2021 0 0 15 945
0 22 1 0 0 0 0 0 5 0 7 0 5 0 0 59 2 0 0 0 7 240 7 14 8 2 39 8 0 0 0 0 0 1 0 304 0 0 1 0 0 0 377 0 0 0 5 1 13 879 0 0 2 0 7 0 14 845 91 2 1037 28 20 36 0 0 9 6
0 0 9 0 1 0 0 0 0 0 0 0 0 0 1 195 0 0 0 0 9 2 184 2 0 0 134 2 0 0 0 0 0 2 1 0 1250 1 0 0 256 6 0 2 2 0 0 6 3 1673 749 2 18 0 5040 14 0 14 0 252 796 315 1 339 0 0 8 1259
3 3 3 70 1 18 11 0 123 92 0 126 12 3 15 15 0 0 0 210 33 22 3 376 6 0 6 294 16 3 0 0 6 44 0 45 0 497 126 25 81 6 1388 34 10 219 6 12 156 1194 1 1 5 239 2 845 14 0 54 3 313 2033 70 21 0 8 19 93
1 7 0 0 1 1 0 0 2 0 23 0 93 0 0 0 0 0 3 0 0 4 0 0 310 34 167 0 2 0 24 1 0 0 0 420 0 0 0 0 0 0 81 0 88 0 400 0 1 0 0 0 0 0 0 91 0 54 0 3 630 0 4 0 4 14 0 15
0 16 54 0 0 0 0 0 1 0 25 0 56 0 0 1 54 4 29 0 0 2 3 0 7 267 344 0 0 0 67 0 0 22 4 1 1065 0 2 5 161 19 0 2 568 4 28 29 0 1 319 474 1378 3 1 2 252 3 3 0 2910 9 17 17 148 8 0 101
0 199 293 0 0 0 0 0 27 0 23 0 73 0 1 295 215 2 90 0 3 83 528 16 86 581 3404 8 1 6 50 0 0 147 1 1318 3358 0 0 0 4 0 223 0 6 2 743 2 4 1059 425 24 81 0 13 1037 796 313 630 2910 0 136 1 3 30 0 0 340
4 0 8 34 0 21 6 1 42 8 0 71 7 1 11 27 0 0 0 87 62 10 9 220 1 0 1 165 12 1 0 0 2 33 6 0 40 1726 12 214 4398 43 50 2044 9 178 2 65 41 412 9 3 7 315 1695 28 315 2033 0 9 136 0 227 724 0 0 35 258
1 0 1 2 0 2 0 1 6 0 1 3 8 0 2 0 0 0 0 0 5 0 0 27 5 0 1 12 2 0 0 0 0 2 1141 1 2 71 1 25 38 26 21 109 280 110 62 1474 10 15 11 11 10 74 32 20 1 70 4 17 1 227 0 1053 3 80 639 1298
0 0 1 1 0 2 0 0 2 0 0 0 0 0 0 4 0 0 0 0 5 0 1 8 0 0 0 8 0 1 0 0 1 5 512 0 3 0 0 1 2296 33 1 1 7 0 1 184 4 4 181 4 90 0 2021 36 339 21 0 17 3 724 1053 0 0 0 253 1021
0 0 0 0 0 0 0 0 0 0 19 0 35 0 0 0 0 2 0 0 0 0 0 0 9 13 26 0 0 0 28 0 0 1 0 0 0 0 1 0 0 0 0 0 212 0 142 0 0 0 0 0 0 0 0 0 0 0 4 148 30 0 3 0 0 0 0 6
0 1 0 0 0 2 0 0 2 0 12 0 3 1 0 0 0 0 0 0 0 0 0 0 7 0 0 0 5 0 0 0 0 3 0 0 0 2 265 50 0 15 13 1 169 18 142 158 37 0 0 5 0 3 0 0 0 8 14 8 0 0 80 0 0 0 0 493
0 0 0 0 0 0 0 0 4 0 0 0 0 0 0 0 0 0 0 1 2 1 1 7 0 0 0 2 1 0 0 0 0 0 2 0 0 1 0 0 0 0 3 2 1 0 0 0 1 4 0 0 1 0 15 9 8 19 0 0 0 35 639 253 0 0 0 461
0 0 7 2 0 11 0 0 13 2 8 31 75 1 6 1 4 0 0 2 4 1 2 47 36 6 22 28 8 0 0 5 0 5 21 2 10 40 127 41 41 34 37 109 1066 173 262 72 63 7 1160 146 838 86 945 6 1259 93 15 101 340 258 1298 1021 6 493 461 0
