0 0 32 0 0 6 266 140 0 2 4 1 0 1515 0 0 52 1 11 0 3 0 8 2 0 10 4 2 1515 495 0 0 1 8 0 0 0 0 0 0 0 0 0 0 0 0 0 0 0 0 0 0 0 0 0 0 0 2 0 0 0 0 0 0 0 0 0 0
0 0 0 0 1 2 1 0 49 0 7 0 70 0 7 0 0 0 0 0 1 171 0 79 284 5 1163 1 0 0 0 0 0 1 0 58 0 0 0 0 0 0 2 0 0 0 10 0 0 4 0 0 0 0 0 18 0 1 10 4 176 0 0 0 2 0 0 8
32 0 0 0 0 39 93 417 0 10 0 0 0 275 1 0 1414 0 16 0 61 0 3387 14 0 1680 2760 25 24 59 0 0 1 217 0 0 19 0 0 0 1 0 0 0 0 0 0 0 0 8 0 0 0 0 0 0 11 2 0 4 173 0 0 0 0 0 0 2
0 0 0 0 14 47 2 6 116 857 0 561 18 4 21 0 0 0 0 2065 0 0 0 469 0 0 0 1166 13 0 0 0 1 21 0 0 0 80 0 4 0 0 15 1 0 47 0 0 8 0 0 0 0 119 0 0 0 102 0 0 1 31 0 0 0 0 0 0
0 1 0 14 0 411 2 34 104 1 52 55 148 0 1147 0 0 0 0 10 3 0 4 43 0 0 2 25 1 0 0 41 0 171 0 0 0 0 1 5 0 0 5 2 0 11 0 0 13 0 0 0 0 1 0 1 0 0 0 0 0 0 0 0 0 0 0 3
6 2 39 47 411 0 430 2899 77 2535 96 3122 109 61 589 0 9 3 3 112 2 1 13 16 0 9 1 79 48 1 0 89 0 75 0 0 0 4 1 1 2 0 2 1 0 59 0 0 5 0 0 0 0 8 0 0 0 19 0 0 0 19 0 2 0 0 0 13
266 1 93 2 2 430 0 512 6 2882 11 16 3 1462 13 0 4 0 4 6 52 0 58 82 0 2 6 5500 150 1610 0 0 5 55 0 0 0 0 0 0 0 0 3 0 0 0 0 0 0 1 0 0 0 1 0 0 0 11 0 0 0 9 0 0 0 0 0 0
140 0 417 6 34 2899 512 0 6 1213 14 151 20 2158 5 0 272 2 26 18 28 0 252 2 0 110 1 39 36 125 0 229 0 33 0 0 0 0 0 0 0 0 0 0 0 0 0 0 0 0 0 0 0 0 0 0 0 0 0 0 0 0 0 0 0 0 0 0
0 49 0 116 104 77 6 6 0 14 10 355 33 2 301 0 1 0 1 94 0 372 1 1795 75 1 269 191 11 3 0 3 0 8 0 5 0 12 0 2 2 0 163 5 0 26 0 0 2 0 0 0 0 13 1 3 0 88 4 0 7 52 0 3 0 0 0 0
2 0 10 857 1 2535 2882 1213 14 0 14 1211 35 483 40 0 1 0 0 1066 1 0 4 7 0 0 0 861 129 1 0 1 0 111 0 0 0 0 1 1 0 0 8 0 0 60 0 0 7 0 0 0 0 23 0 0 0 65 0 0 0 9 0 0 0 0 0 0
4 7 0 0 52 96 11 14 10 14 0 95 825 19 4 0 8 1044 190 12 1 7 1 10 56 745 22 2 142 1 131 69 0 1003 0 0 0 0 0 0 0 0 1 0 27 0 139 0 0 0 0 0 0 0 0 0 0 0 10 2 18 0 0 0 10 0 0 0
1 0 0 561 55 3122 16 151 355 1211 95 0 43 84 694 0 0 3 4 1711 0 0 0 354 0 7 2 132 50 0 0 0 0 109 0 0 0 69 4 14 0 2 23 42 0 647 0 4 24 0 0 0 0 89 0 0 0 78 0 0 0 65 0 0 0 0 0 2
0 70 0 18 148 109 3 20 33 35 825 43 0 8 37 1 1 11 11 14 0 59 4 27 1057 103 438 24 19 2 235 200 0 379 0 10 1 0 0 7 0 1 3 1 83 4 469 2 0 0 0 0 0 2 0 4 2 2 115 5 156 2 1 2 37 0 0 127
1515 0 275 4 0 61 1462 2158 2 483 19 84 8 0 6 0 176 0 11 24 45 0 308 2 0 53 2 48 2190 534 0 32 0 40 0 0 0 0 0 0 0 0 0 0 0 0 0 0 0 0 0 0 0 0 0 0 0 0 0 0 0 0 0 0 0 0 0 1
0 7 1 21 1147 589 13 5 301 40 4 694 37 6 0 2 0 0 2 27 47 5 19 217 7 1 26 85 18 4 0 3 1 10 0 0 0 24 24 7 0 1 9 20 0 50 1 1 13 0 0 0 0 58 1 0 1 13 0 0 0 29 1 0 0 0 0 2
0 0 0 0 0 0 0 0 0 0 0 0 1 0 2 0 0 0 0 0 608 1236 459 528 0 0 697 228 0 0 0 0 0 1 0 0 1 0 0 0 0 0 11 0 0 0 0 0 0 1117 0 0 0 0 31 85 197 101 0 0 82 30 1 3 0 0 0 1
52 0 1414 0 0 9 4 272 1 1 8 0 1 176 0 0 0 7 793 0 28 2 957 1 0 889 622 1 210 179 0 0 13 1481 0 0 7 0 0 0 0 0 0 0 0 0 0 0 0 2 0 0 0 0 0 0 1 0 0 2 56 0 0 0 0 0 0 0
1 0 0 0 0 3 0 2 0 0 1044 3 11 0 0 0 7 0 570 0 2 0 1 0 0 555 9 0 19 0 0 0 2 82 0 0 0 0 0 0 0 0 0 0 1 0 0 0 0 0 0 0 0 0 0 1 0 0 0 3 7 0 0 0 1 0 0 0
11 0 16 0 0 3 4 26 1 0 190 4 11 11 2 0 793 570 0 0 12 0 12 1 0 983 57 2 42 7 0 0 4 600 0 0 0 0 0 0 0 0 0 0 1 0 2 0 0 0 0 0 0 0 0 0 0 0 0 3 14 0 0 0 2 0 0 0
0 0 0 2065 10 112 6 18 94 1066 12 1711 14 24 27 0 0 0 0 0 0 0 1 196 0 0 0 312 28 0 0 0 0 31 0 0 0 77 0 8 6 0 20 25 0 87 0 0 19 0 0 0 0 158 0 0 0 101 0 0 0 205 0 0 0 0 0 4
3 1 61 0 3 2 52 28 0 1 1 0 0 45 47 608 28 2 12 0 0 5 6965 1 0 2 50 1163 12 2847 0 0 8 1229 0 0 0 0 0 0 0 0 7 0 0 0 0 0 1 69 0 0 0 0 9 8 6 52 0 0 0 15 1 13 0 0 1 2
0 171 0 0 0 1 0 0 372 0 7 0 59 0 5 1236 2 0 0 0 5 0 2 1034 121 1 995 26 0 0 0 0 0 1 0 4 0 0 0 0 0 0 23 0 0 0 4 0 0 77 0 0 0 0 2 122 1 25 5 2 87 10 0 0 0 0 0 2
8 0 3387 0 4 13 58 252 1 4 1 0 4 308 19 459 957 1 12 1 6965 2 0 5 0 110 1774 149 13 529 0 0 2 1570 0 0 3 0 0 0 0 0 3 0 0 0 0 0 2 203 0 0 0 0 2 4 74 8 0 0 126 12 0 2 0 0 0 5
2 79 14 469 43 16 82 2 1795 7 10 354 27 2 217 528 1 0 1 196 1 1034 5 0 81 0 785 1612 45 40 1 0 16 64 3 8 0 53 1 1 3 0 132 32 0 34 0 0 2 53 0 0 0 47 13 22 5 731 1 0 21 217 8 14 0 0 1 12
0 284 0 0 0 0 0 0 75 0 56 0 1057 0 7 0 0 0 0 0 0 121 0 81 0 8 1237 0 0 0 14 0 0 2 0 22 0 0 0 0 0 0 4 0 11 0 72 0 0 0 0 0 0 0 0 0 0 2 96 3 148 0 0 0 14 0 0 32
10 5 1680 0 0 9 2 110 1 0 745 7 103 53 1 0 889 555 983 0 2 1 110 0 8 0 2764 0 73 10 295 0 2 213 0 17 2 0 0 0 0 0 0 0 44 0 127 0 0 1 4 0 2 0 0 1 0 0 9 126 590 0 0 0 89 0 0 3
4 1163 2760 0 2 1 6 1 269 0 22 2 438 2 26 697 622 9 57 0 50 995 1774 785 1237 2764 0 429 20 5 183 0 3 734 0 207 103 0 0 0 1 0 3 0 27 0 149 0 0 448 3 0 3 0 5 172 158 50 43 241 5598 0 0 0 86 0 0 6
2 1 25 1166 25 79 5500 39 191 861 2 132 24 48 85 228 1 0 2 312 1163 26 149 1612 0 0 429 0 173 2256 0 0 20 271 0 1 0 4 0 2 3 0 39 1 0 79 0 3 13 35 0 0 0 113 4 14 2 332 0 0 3 141 7 25 0 0 3 13
1515 0 24 13 1 48 150 36 11 129 142 50 19 2190 18 0 210 19 42 28 12 0 13 45 0 73 20 173 0 1585 0 403 831 1363 0 0 0 0 0 0 0 0 4 0 0 0 0 0 0 3 0 0 0 0 1 1 0 13 0 0 3 11 3 1 0 0 0 2
495 0 59 0 0 1 1610 125 3 1 1 0 2 534 4 0 179 0 7 0 2847 0 529 40 0 10 5 2256 1585 0 0 0 362 736 0 0 0 0 0 0 0 0 6 0 0 0 0 1 2 17 0 0 0 0 13 2 5 36 0 0 0 39 5 23 0 0 0 8
0 0 0 0 0 0 0 0 0 0 131 0 235 0 0 0 0 0 0 0 0 0 0 1 14 295 183 0 0 0 0 0 0 1 0 0 0 0 0 0 0 0 0 0 14 0 62 0 0 0 0 0 0 0 0 0 0 0 7 3 42 0 0 0 15 0 0 1
0 0 0 0 41 89 0 229 3 1 69 0 200 32 3 0 0 0 0 0 0 0 0 0 0 0 0 0 403 0 0 0 0 337 0 0 0 0 0 0 0 0 0 0 0 0 0 0 0 0 0 0 0 0 0 0 0 0 0 0 0 0 0 0 0 0 0 4
1 0 1 1 0 0 5 0 0 0 0 0 0 0 1 0 13 2 4 0 8 0 2 16 0 2 3 20 831 362 0 0 0 220 0 0 0 0 0 0 0 0 0 0 0 0 0 0 0 0 0 0 0 0 0 0 0 3 0 0 0 3 0 0 0 0 0 0
8 1 217 21 171 75 55 33 8 111 1003 109 379 40 10 1 1481 82 600 31 1229 1 1570 64 2 213 734 271 1363 736 1 337 220 0 0 2 2 0 0 2 0 0 3 0 0 1 2 0 0 6 0 0 0 0 5 1 1 38 1 4 52 25 7 8 0 0 0 3
0 0 0 0 0 0 0 0 0 0 0 0 0 0 0 0 0 0 0 0 0 0 0 3 0 0 0 0 0 0 0 0 0 0 0 0 3 0 0 1 641 48 0 6 3 5 0 1213 0 0 14 2 17 1 0 0 2 3 0 3 1 4 1095 291 0 0 2 6
0 58 0 0 0 0 0 0 5 0 0 0 10 0 0 0 0 0 0 0 0 4 0 8 22 17 207 1 0 0 0 0 0 2 0 0 0 0 0 0 0 0 76 0 0 0 4 0 8 0 0 0 0 0 1 256 1 174 336 2 1128 1 0 0 1 0 0 48
0 0 19 0 0 0 0 0 0 0 0 0 1 0 0 1 7 0 0 0 0 0 3 0 0 2 103 0 0 0 0 0 0 2 3 0 0 0 0 1 473 295 0 1 0 0 0 223 0 0 1389 0 21 0 51 1 1965 0 0 1210 2314 22 2 21 0 0 0 14
0 0 0 80 0 4 0 0 12 0 0 69 0 0 24 0 0 0 0 77 0 0 0 53 0 0 0 4 0 0 0 0 0 0 0 0 0 0 2 5 7 3 73 1072 0 720 0 2 24 0 0 0 0 2387 0 0 0 455 0 0 0 936 15 0 0 0 2 14
0 0 0 0 1 1 0 0 0 1 0 4 0 0 24 0 0 0 0 0 0 0 0 1 0 0 0 0 0 0 0 0 0 0 0 0 0 2 0 345 0 16 76 0 50 48 36 0 655 0 0 0 0 3 0 0 0 27 1 4 1 24 0 0 0 131 0 346
0 0 0 4 5 1 0 0 2 1 0 14 7 0 7 0 0 0 0 8 0 0 0 1 0 0 0 2 0 0 0 0 0 2 1 0 1 5 345 0 261 2313 63 1720 41 2726 5 42 647 0 0 9 1 61 0 1 1 19 0 6 2 65 23 2 0 26 0 168
0 0 1 0 0 2 0 0 2 0 0 0 0 0 0 0 0 0 0 6 0 0 0 3 0 0 1 3 0 0 0 0 0 0 641 0 473 7 0 261 0 751 7 3694 11 5 0 1157 15 4 148 3 11 28 51 1 235 56 0 19 35 5698 198 2105 0 0 16 77
0 0 0 0 0 0 0 0 0 0 0 2 1 0 1 0 0 0 0 0 0 0 0 0 0 0 0 0 0 0 0 0 0 0 48 0 295 3 16 2313 751 0 15 527 56 166 5 2193 73 0 32 10 5 17 8 0 34 2 0 31 16 44 18 35 1 163 0 82
0 2 0 15 5 2 3 0 163 8 1 23 3 0 9 11 0 0 0 20 7 23 3 132 4 0 3 39 4 6 0 0 0 3 0 76 0 73 76 63 7 15 0 22 14 494 16 8 333 3 1 2 1 58 12 337 3 1911 104 10 171 171 6 1 1 1 0 60
0 0 0 1 2 1 0 0 5 0 0 42 1 0 20 0 0 0 0 25 0 0 0 32 0 0 0 1 0 0 0 0 0 0 6 0 1 1072 0 1720 3694 527 22 0 21 1775 0 227 27 0 0 0 3 1654 0 0 1 28 0 0 0 771 202 2 0 1 2 167
0 0 0 0 0 0 0 0 0 0 27 0 83 0 0 0 0 1 1 0 0 0 0 0 11 44 27 0 0 0 14 0 0 0 3 0 0 0 50 41 11 56 14 21 0 90 828 71 8 1 3 1777 366 13 1 0 2 3 2 730 6 2 263 7 76 323 0 1548
0 0 0 47 11 59 0 0 26 60 0 647 4 0 50 0 0 0 0 87 0 0 0 34 0 0 0 79 0 0 0 0 0 1 5 0 0 720 48 2726 5 166 494 1775 90 0 3 150 534 0 0 10 1 2191 0 0 0 253 0 10 0 245 78 1 0 1 0 133
0 10 0 0 0 0 0 0 0 0 139 0 469 0 1 0 0 0 2 0 0 4 0 0 72 127 149 0 0 0 62 0 0 2 0 4 0 0 36 5 0 5 16 0 828 3 0 3 0 0 0 0 0 1 0 4 1 5 360 14 1006 0 36 0 359 75 0 206
0 0 0 0 0 0 0 0 0 0 0 4 2 0 1 0 0 0 0 0 0 0 0 0 0 0 0 3 0 1 0 0 0 0 1213 0 223 2 0 42 1157 2193 8 227 71 150 3 0 9 0 99 6 35 34 1 0 33 4 0 59 5 51 1837 274 1 62 7 108
0 0 0 8 13 5 0 0 2 7 0 24 0 0 13 0 0 0 0 19 1 0 2 2 0 0 0 13 0 2 0 0 0 0 0 8 0 24 655 647 15 73 333 27 8 534 0 9 0 18 0 0 0 17 64 6 69 193 2 3 15 143 3 0 0 0 0 12
0 4 8 0 0 0 1 0 0 0 0 0 0 0 0 1117 2 0 0 0 69 77 203 53 0 1 448 35 3 17 0 0 0 6 0 0 0 0 0 0 4 0 3 0 1 0 0 0 18 0 1 0 0 0 664 768 775 1277 1 0 1147 260 0 1 0 0 0 8
0 0 0 0 0 0 0 0 0 0 0 0 0 0 0 0 0 0 0 0 0 0 0 0 0 4 3 0 0 0 0 0 0 0 14 0 1389 0 0 0 148 32 1 0 3 0 0 99 0 1 0 4 918 0 8 0 1103 2 0 213 643 10 17 212 0 0 1 869
0 0 0 0 0 0 0 0 0 0 0 0 0 0 0 0 0 0 0 0 0 0 0 0 0 0 0 0 0 0 0 0 0 0 2 0 0 0 0 9 3 10 2 0 1777 10 0 6 0 0 4 0 82 4 0 0 0 0 0 315 2 0 16 8 0 0 0 60
0 0 0 0 0 0 0 0 0 0 0 0 0 0 0 0 0 0 0 0 0 0 0 0 0 2 3 0 0 0 0 0 0 0 17 0 21 0 0 1 11 5 1 3 366 1 0 35 0 0 918 82 0 0 12 0 17 1 0 947 45 5 75 108 0 0 1 700
0 0 0 119 1 8 1 0 13 23 0 89 2 0 58 0 0 0 0 158 0 0 0 47 0 0 0 113 0 0 0 0 0 0 1 0 0 2387 3 61 28 17 58 1654 13 2191 1 34 17 0 0 4 0 0 0 0 0 63 0 3 0 465 27 0 0 0 2 40
0 0 0 0 0 0 0 0 1 0 0 0 0 0 1 31 0 0 0 0 9 2 2 13 0 0 5 4 1 13 0 0 0 5 0 1 51 0 0 0 51 8 12 0 1 0 0 1 64 664 8 0 12 0 0 5 5500 16 0 1 87 1568 19 2570 0 0 2 1202
0 18 0 0 1 0 0 0 3 0 0 0 4 0 0 85 0 1 0 0 8 122 4 22 0 1 172 14 1 2 0 0 0 1 0 256 1 0 0 1 1 0 337 0 0 0 4 0 6 768 0 0 0 0 5 0 3 891 23 1 1247 12 0 1 0 0 0 20
0 0 11 0 0 0 0 0 0 0 0 0 2 0 1 197 1 0 0 0 6 1 74 5 0 0 158 2 0 5 0 0 0 1 2 1 1965 0 0 1 235 34 3 1 2 0 1 33 69 775 1103 0 17 0 5500 3 0 5 0 47 2653 229 2 411 0 0 0 1193
2 1 2 102 0 19 11 0 88 65 0 78 2 0 13 101 0 0 0 101 52 25 8 731 2 0 50 332 13 36 0 0 3 38 3 174 0 455 27 19 56 2 1911 28 3 253 5 4 193 1277 2 0 1 63 16 891 5 0 81 1 743 2125 22 24 0 0 2 52
0 10 0 0 0 0 0 0 4 0 10 0 115 0 0 0 0 0 0 0 0 5 0 1 96 9 43 0 0 0 7 0 0 1 0 336 0 0 1 0 0 0 104 0 2 0 360 0 2 1 0 0 0 0 0 23 0 81 0 0 1134 0 0 0 3 1 0 403
0 4 4 0 0 0 0 0 0 0 2 0 5 0 0 0 2 3 3 0 0 2 0 0 3 126 241 0 0 0 3 0 0 4 3 2 1210 0 4 6 19 31 10 0 730 10 14 59 3 0 213 315 947 3 1 1 47 1 0 0 2903 1 25 6 286 9 0 305
0 176 173 1 0 0 0 0 7 0 18 0 156 0 0 82 56 7 14 0 0 87 126 21 148 590 5598 3 3 0 42 0 0 52 1 1128 2314 0 1 2 35 16 171 0 6 0 1006 5 15 1147 643 2 45 0 87 1247 2653 743 1134 2903 0 238 6 5 122 0 0 364
0 0 0 31 0 19 9 0 52 9 0 65 2 0 29 30 0 0 0 205 15 10 12 217 0 0 0 141 11 39 0 0 3 25 4 1 22 936 24 65 5698 44 171 771 2 245 0 51 143 260 10 0 5 465 1568 12 229 2125 0 1 238 0 225 1711 0 0 43 284
0 0 0 0 0 0 0 0 0 0 0 0 1 0 1 1 0 0 0 0 1 0 0 8 0 0 0 7 3 5 0 0 0 7 1095 0 2 15 0 23 198 18 6 202 263 78 36 1837 3 0 17 16 75 27 19 0 2 22 0 25 6 225 0 1036 1 94 1173 1686
0 0 0 0 0 2 0 0 3 0 0 0 2 0 0 3 0 0 0 0 13 0 2 14 0 0 0 25 1 23 0 0 0 8 291 0 21 0 0 2 2105 35 1 2 7 1 0 274 0 1 212 8 108 0 2570 1 411 24 0 6 5 1711 1036 0 0 0 184 1005
0 2 0 0 0 0 0 0 0 0 10 0 37 0 0 0 0 1 2 0 0 0 0 0 14 89 86 0 0 0 15 0 0 0 0 1 0 0 0 0 0 1 1 0 76 0 359 1 0 0 0 0 0 0 0 0 0 0 3 286 122 0 1 0 0 0 0 6
0 0 0 0 0 0 0 0 0 0 0 0 0 0 0 0 0 0 0 0 0 0 0 0 0 0 0 0 0 0 0 0 0 0 0 0 0 0 131 26 0 163 1 1 323 1 75 62 0 0 0 0 0 0 0 0 0 0 1 9 0 0 94 0 0 0 0 618
0 0 0 0 0 0 0 0 0 0 0 0 0 0 0 0 0 0 0 0 1 0 0 1 0 0 0 3 0 0 0 0 0 0 2 0 0 2 0 0 16 0 0 2 0 0 0 7 0 0 1 0 1 2 2 0 0 2 0 0 0 43 1173 184 0 0 0 320
0 8 2 0 3 13 0 0 0 0 0 2 127 1 2 1 0 0 0 4 2 2 5 12 32 3 6 13 2 8 1 4 0 3 6 48 14 14 346 168 77 82 60 167 1548 133 206 108 12 8 869 60 700 40 1202 20 1193 52 403 305 364 284 1686 1005 6 618 320 0
